20
9
000000000
000000000
20
00000000000000000000
11100100101111110000
19
1111111111111111111
1111111111111111111
10
1111111111
0000001110
20
01111101111111111111
10110000000100000100
20
00000000000001010000
11111101111111110101
20
00011000001000000000
00000010010101011010
20
11111111111111111111
01100000100001000001
20
01100100001011001111
01111111111111111111
20
00000010001010000000
11111111111011111111
20
10101111111101110111
01000001000000110100
20
00001000000010000010
01101010111101111110
20
11101100010111011111
11101110101011011011
20
00100000000000010000
00000010000000001000
20
10111111111111011011
10111111101111011111
20
00101010101001110000
10011010000000011110
20
01000000100001010001
01011111011110111111
20
10001110110000100100
01111011100111001101
20
10101000000000000000
11111111111110111011
20
00000001010100110001
11111001010110111111
