99
12 90 42
11 91 2
12 91 99
14 19 74
10 92 53
15 20 34
9 91 39
16 19 79
10 92 41
11 91 10
12 90 59
96 48 30
97 49 80
11 90 38
90 4 14
10 90 23
12 90 79
19 88 25
11 92 22
13 19 73
74 74 85
13 20 96
12 91 80
17 77 28
13 91 74
12 90 28
10 90 59
11 91 41
10 90 20
44 52 4
10 92 4
11 91 88
14 92 81
10 91 6
14 90 45
10 89 90
10 90 61
13 76 99
18 76 32
13 28 58
10 92 43
9 91 71
13 19 92
10 91 18
14 91 45
9 89 31
12 90 12
16 18 60
12 90 86
18 75 23
12 91 87
10 93 71
9 90 80
9 90 8
9 89 1
13 91 7
16 76 15
53 14 1
12 90 53
13 90 63
16 77 6
14 90 65
8 88 38
12 91 89
10 89 22
9 92 16
12 90 63
10 90 83
13 92 36
97 50 89
17 20 8
79 76 30
13 92 73
13 92 10
18 77 75
11 93 99
10 93 95
11 90 91
11 92 5
10 91 86
16 19 42
91 5 37
13 91 71
9 90 33
10 92 67
12 45 76
15 90 70
16 20 59
9 91 10
12 90 28
10 90 4
13 89 99
52 13 45
17 18 83
9 51 80
14 90 14
97 48 52
10 91 48
19 77 95
