168
176
484
780
992
1128
1284
1600
1764
1784
1906
2026
2346
2398
2454
2500
2816
2916
2936
3082
3422
3660
3820
3932
4080
4192
4398
4408
4488
4504
4520
4696
5020
4996
5176
5356
5600
5996
6124
6356
6528
6812
7132
7060
6970
7032
7080
7200
7544
7590
7764
7906
7844
7844
7844
7858
7918
7922
8134
8044
8044
8268
8420
8598
8642
8642
8894
9226
9226
9422
9454
9574
9686
9726
9906
10116
10300
10118
10108
9764
9932
10080
10146
10168
10386
10690
10830
10864
10884
10996
11012
11282
11462
11674
11994
12050
12094
12012
12242
