1886235036
3391463388
4101937702
4668438866
7229987590
8230180290
9321341452
9699437276
11929461658
14302320410
15157069404
15989401746
16908634732
17662445086
18574682676
21691638596
23767353380
23918014118
26695423334
27446382662
28496344070
30524902650
31466603160
31849800640
33823573756
36291629754
36345106336
37294208220
40514315148
42087036530
42122914140
43996040580
46895533812
49077640248
52264920768
52597368824
53270184512
53681127232
53966450316
54725709644
56472347576
58656079126
62285851186
66071344198
66401546790
67235515190
67330217576
70722769424
71906962880
73051617314
75144792782
76199326412
77689057778
79598535574
80092267384
81125316086
82293935102
83531066550
85186920976
85448672600
87315207640
87992944740
89689903328
90748005736
91190747766
93258592790
94892907058
95137202622
95183423070
95464102124
95632090584
97009979820
98479015464
100736762952
103498888288
106081534360
108981152640
111529829224
112904549748
113076798800
114814322064
117767883074
119714734778
120196582622
121685288050
121918511330
122458235910
123142823410
124418703394
124465403274
125622321124
127182351300
131088565956
134321068536
135962012434
137399462566
138868130940
140659141872
142526031056
143999101720
147157804072
149243695364
149333953950
153163683846
155711920460
157944036124
161224006000
162663115154
166440671470
169825179914
170439575320
173421830174
174304863772
176102708768
179366577328
182265526264
184338715928
184795336176
188490145736
189029183628
189703994372
190966334368
191480013348
192160000124
192503770364
193922399582
194946177896
195582245976
198295299428
201183907664
201879771120
205752219264
208714146442
211461536412
211813632692
212789589240
213302839248
213308969616
215073662400
216722990732
218555335746
219755020302
221883060498
224841791186
227219635558
228094234530
230561000610
234238236470
234771537588
236501853060
237319345696
237339939298
239217820710
239464275814
239471492062
242018451086
244420881874
246525808564
247790352764
249245949148
249868951750
250131146022
250489415384
253816163420
256484841150
256991056378
260251601286
263934335786
266311903582
266529354564
267999535680
269016358394
271590734256
273562514630
274189831434
277059038906
278902588332
279974012498
280045667764
280276089034
281360338246
282036333482
284517863384
285576029304
286567686756
289375723712
289924716430
293059316382
293843752052
297038770328
299573088672
300266193208
301747924242
304795547490
306687543926
308964592668
311491832336
311920193072
314616620620
315668320334
315896866218
318102862638
319107214014
321277823520
321483722592
324124126984
325044299900
327624018792
327907321352
330942041076
332296768642
332554808060
333664584696
333855192422
337680686946
338249212544
339813864164
340411189676
341741171534
343037843150
344926701526
346523074278
348476446296
348481394114
351056788086
352351012198
354515816874
357225863672
361087949004
362541894400
363734446852
363990289690
366395215470
367611415598
371331480326
374387938696
374776070868
377655941248
377913589252
381794035828
382208109336
385451043152
388584945044
390648965372
391708952462
392535565738
395643904742
396820293526
399769148934
401774473490
405109291516
406691226154
407581153794
408773053104
411147216532
413338674968
413523680530
416225003608
417019918540
420514981638
422810169290
425275120682
425345585578
429055658506
429174975220
430446157684
431839504720
435187085132
435829168020
437796455488
440782715020
444084132408
445775206598
449480228966
449955663778
451051881350
451081698356
452231661080
454090664454
455788989368
456647785384
456786475850
459301425502
461737843278
462725954582
465516709088
466071908946
468354164880
469302530718
472532442590
475771858206
477166808062
477904903808
481817015896
482202200204
482398538340
484993293952
486034315172
488772008072
490074261892
490085571302
493802797822
494637312370
496930050174
498616738054
500506659256
504057539188
504253177810
506637318346
510084698122
512394422518
512610633042
513364955654
516486356414
518321132500
518664433136
519707113778
521956956970
525426247578
526187312792
528999532676
529163536382
531417644064
532601006064
533923765094
535236400440
535952780008
539418779216
540353304788
543614068744
545050315906
545391753872
546239166214
548504479782
549453715774
552495408158
553201688592
555318712364
558762709374
560152759096
560680140244
561459584894
561690583610
564017464536
567123319246
571035670018
571655755976
573926074272
576560042900
580390192064
580411358712
580600100824
580707299880
582788436744
586591778908
587086775866
588849524722
589200074260
591836659792
591951206816
592813611762
595040414874
596604068144
598384699538
600419198430
601142975762
601587508912
602328218390
605155942758
606904790638
606919165664
607226723348
608897172328
609893685800
611959507080
615158112124
616707253988
620257828012
622481929092
624208665062
625086815794
625314319722
627063733498
629301326504
630295249828
631495956360
633175611318
637038619050
638318626570
639709486810
642167770706
643148659082
643513584182
643917108778
647272759602
650944116458
653745339166
654225267908
657310301528
657589046016
659518260056
659901576034
660345163106
660616125842
664071529122
665529451576
665878444872
666849441394
668339699796
670971283458
671370406992
674510887514
676796875734
678277291076
680512103860
681250717390
681767600190
682886670426
685274665144
686525920268
687132781408
687174574120
690017202724
690080555086
690173314522
692951367718
694673374206
697628491158
699111952280
699137605040
702305334828
704067233072
705202943888
706228889406
708706950422
709177712430
709478529268
712122486794
712724727266
714618732634
714744630142
717716261226
719099849518
720620817140
721844182020
725113441350
728350385116
729613134730
732248764210
732953458632
734510200716
734672106630
736264783732
737377808824
741083485912
742574268980
745275140568
746710639896
749856397600
750176489448
751996604792
753954279454
754811216628
756601770250
757703718196
760879488634
763317404866
766488402002
768003075446
768577063784
771331458212
772067182322
774464597682
778359866446
778947723174
781905675212
782625007728
782856700842
783542396792
783630580528
785144155038
786787923230
790497983736
791041503468
791882913520
792688479194
794746370146
794814797970
796591111090
797326704798
799168983024
803015875300
806620411844
808809686060
810335092120
811630915728
814361607914
815244495298
816769020138
818335225308
819340047568
821139366188
823719035964
824152993722
827191524878
827724011962
829543758296
830677908720
833920647836
837207930092
838144732026
840207168996
841033192124
841389604212
843338604752
844461935140
846016863624
848517938348
849486657900
853240550760
854447344794
854719859898
855182598528
856052931420
859938231840
861438179872
862700810776
866632170388
870439308012
871163673768
873761489616
875101116218
878077506150
878422234518
879093793314
880690896862
882647749058
882694638282
885184951798
886059098672
889490855678
889907241992
891714571756
892638218226
894659613778
898316970554
898622254802
898869529272
899625955042
902306847912
904815556616
907742328584
909405008524
909481253808
911119385532
912444611756
913841548750
917295031674
919533371552
921283501912
923670551844
924223084152
927957299192
930721689896
931746815920
932125474896
935230713660
936597107786
938314432424
939335439840
939602779692
940059683504
942355835674
942638337790
944054461082
947610604366
950674860166
951330325942
953742562072
953904992482
954610435634
954701767170
954846537254
956909830326
958647949118
961605911422
962994537900
964150844662
967422135178
969285072650
972643093020
974491091136
975232814266
976511810988
979271543192
979388256694
979594692914
982500675958
982506026348
982689978808
984361238230
985830024794
989739413806
990215445068
991080871620
993631842830
996145553426
997033408254
999797728862
1001921130264
1003090818032
1003214993840
1003832112526
1006236526682
1009453031980
1009805641902
1012980877922
1014584161790
1015611445062
1016169696700
1018372931996
1019648388126
1020958042422
1024211181994
1024283851274
1027060963138
1027564597412
1027737975710
1029124719102
1030916758064
1032178530794
1033495721472
1035989874770
1038339792000
1041296957130
1043686628014
1046809960710
1047403412078
1048556092630
1050368307478
1053347463458
1055721131564
1055753660216
1056477382734
1058108600858
1059955771646
1062142308312
1064811586572
1066087172118
1067681880654
1068200273470
1070231491380
1071622048830
1072191798568
1072257891556
1074548928728
1075234219186
1078683399542
1080445134754
1081228206784
1082605931906
1086288643030
1089157556018
1089536318578
1092316937546
1092989363066
1093031089282
1094568152318
1095939520330
1097277146168
1099017035250
1099917227098
1100711615582
1101128756222
1104076069518
1105076934402
1106825680598
1106984962654
1108289257752
1110707466068
1111832741172
1112309318338
1116154824458
1118657604744
1119944542274
1121612766222
1124388037972
1127687652708
1128139916962
1129461742784
1130867723532
1132671275048
1133443918364
1134357081422
1134859368794
1135565588738
1136296161672
1139204460252
1139709515512
1142144662140
1144296852180
1145187161616
1145662474500
1146864807232
1148384272770
1150391738938
1151195241536
1153774648868
1154910978780
1155368713402
1156011617918
1156088439128
1158028102404
1159383363128
1162261945424
1162742066792
1164336561448
1164513402328
1165044374822
1167854736850
1168384085342
1170588323626
1173739546438
1173878821014
1176590845374
1177931617326
1180153795536
1183410105816
1185514763140
1187141077606
1188727073394
1190366841866
1191728593438
1192445056506
1194337612744
1195548569514
1198482945798
1198611927738
1199000848480
1199016623824
1200744753220
1201565630676
1204815963740
1205212097918
1205449233654
1206206200714
1209473899386
1210488823022
1211811903462
1214012729634
1217055456890
1217436425494
1217572596418
1218335113322
1221842289362
1222977346586
1226023061226
1228035213686
1229079008754
1229086206582
1229926813402
1231949648812
1233533390940
1236180297788
1237642602346
1239907317526
1240745109202
1242287288228
1242503314008
1244559776468
1248167204688
1249730262012
1251106759152
1253354600600
1254225884542
1255362716082
1258467198278
1260230060838
1261692844526
1265118876090
1266431974766
1266642680636
1267518957652
1270811626584
1272062579608
1273688814772
1277225122292
1278784270188
1280519609182
1284272739046
1285105702794
1288752376050
1292642243370
1292864160400
1295708268224
1295913133092
1297601602638
1298373557718
1298982990732
1300621321262
