800
190714013 736245727 471558759
190714013 69449050 376307088
190714013 736245726 355237157
190714013 69449049 283250582
190714013 16172448 640387181
190714013 75720559 250048175
190714013 16172449 545580581
190714013 69449051 189047912
190714013 16172447 877699686
190714013 97767679 593214688
190714013 75720558 338711336
190714013 736245728 416166171
190714013 75720560 354832334
190714013 97767680 376905177
190714013 736245725 405677976
190714013 977770832 779238980
190714013 510599737 518928696
190714013 16172446 75330369
190714013 736245724 897191292
190714013 668370119 187739832
190714013 813476170 262490352
190714013 75720561 684555812
190714013 16172450 470850255
190714013 97767678 191598740
190714013 254148820 493443279
190714013 16172445 654679184
190714013 75720557 26738291
190714013 567438297 237275471
190714013 813476171 936271908
190714013 254148821 639901985
190714013 75720556 17938805
190714013 276779886 468281610
190714013 198408507 724873308
190714013 16172444 872866201
190714013 841901450 796820130
190714013 510599736 166224028
190714013 736245729 336407844
190714013 276779887 205471360
190714013 567438296 142661542
190714013 69449052 284338788
190714013 826449106 436659483
190714013 75720555 554902290
190714013 930913012 907443015
190714013 409190054 946373253
190714013 666867438 82550648
190714013 930913011 416984200
190714013 254148822 47351193
190714013 434975559 848137962
190714013 198408506 592096728
190714013 254148823 309839205
190714013 69449048 664919158
190714013 409190055 527266815
190714013 813476172 744865683
190714013 75720554 754820594
190714013 813476173 246865905
190714013 75720562 516524351
190714013 198408508 584309508
190714013 276779885 543423667
190714013 434975560 827927213
190714013 813476169 130875812
190714013 198408509 758788514
190714013 16172443 338868550
190714013 342865734 424239647
190714013 75720553 529051204
190714013 736245723 221371015
190714013 75720552 781486858
190714013 880427221 408578567
190714013 826449107 122147782
190714013 409190053 23110224
190714013 276779884 140339527
190714013 668370120 83994230
190714013 879856234 344472309
190714013 103007548 367258911
190714013 535474897 564436872
190714013 409190052 702086446
190714013 97767677 741460888
190714013 441632607 724904570
190714013 535474896 919387582
190714013 856228195 343680131
190714013 276779888 86124526
190714013 930913010 642872916
190714013 736245722 849075760
190714013 618156807 486712926
190714013 16172451 240923922
190714013 489397391 372176357
190714013 707041149 58305820
190714013 148151814 134931145
190714013 578960872 171146875
190714013 618156808 562326459
190714013 856228194 23349940
190714013 276779883 359399226
190714013 841901451 780015088
190714013 918375030 976553664
190714013 745898236 808125645
190714013 342865733 622355798
190714013 668370121 401359648
190714013 434975561 734334187
190714013 470363346 447752733
190714013 359963907 466722296
190714013 359963908 601628814
190714013 899327947 789675588
190714013 567438295 592803594
190714013 813476174 45129293
190714013 616234130 957432474
190714013 103007547 820688609
190714013 502574477 558028916
190714013 806128323 819992469
190714013 103007546 719554577
190714013 113008880 944389079
190714013 676441222 846127111
190714013 97767676 307197703
190714013 578960873 831137151
190714013 879856235 392994554
190714013 201196535 449461249
190714013 133754113 815967140
190714013 324023496 724737234
190714013 218913796 518297416
190714013 101590821 114155062
190714013 366022483 923702390
190714013 444012314 134759473
190714013 856228193 180377656
190714013 806128324 631169998
190714013 856228196 256839490
190714013 668370118 263866610
190714013 420181727 85942560
190714013 841901452 709314609
190714013 918375031 511889157
190714013 315438104 159017020
190714013 730313177 678263363
190714013 217593267 722152059
190714013 16172452 294427825
190714013 793732315 968112036
190714013 567438298 859119530
190714013 16172453 834061405
190714013 483466858 88024070
190714013 840361057 243989137
190714013 666867439 169587826
190714013 420181728 3065184
190714013 342865732 752351095
190714013 592813032 412332083
190714013 148151813 525551826
190714013 616234129 599842278
190714013 472805802 532010049
190714013 177802953 739682672
190714013 441632608 956913378
190714013 616234131 437299486
190714013 170061380 616691520
190714013 345938471 919308965
190714013 218913795 266650559
190714013 909538974 432578868
190714013 315438103 283881669
190714013 97767681 10296801
190714013 766423502 469470353
190714013 359963906 123227552
190714013 880427222 3608124
190714013 148151812 899515669
190714013 238151471 600607697
190714013 472805801 792236697
190714013 366022482 632272100
190714013 856228197 492318841
190714013 441632606 311501301
190714013 459418818 65548568
190714013 510599738 179134681
190714013 860651007 831687009
190714013 254148819 913891072
190714013 499009241 126553807
190714013 639155108 815136227
190714013 792535537 920683625
190714013 207104591 594391949
190714013 148151811 108725491
190714013 527705396 367545279
190714013 793732316 508411357
190714013 148151815 711059538
190714013 489397392 679033272
190714013 315438105 236337711
190714013 666867437 758577192
190714013 342865735 673007180
190714013 918375029 535712083
190714013 342865731 35827633
190714013 441632609 115210635
190714013 46920220 271062303
190714013 643330230 168998809
190714013 840361056 742377044
190714013 483466857 308553515
190714013 854444373 247914363
190714013 219862519 702009239
190714013 930913009 274496359
190714013 668370122 984329812
190714013 880427220 392217835
190714013 588891885 798754569
190714013 409190051 984622809
190714013 245668664 173276134
190714013 434975558 740865517
190714013 448838409 761905812
190714013 177802952 842840445
190714013 434975557 939694944
190714013 900331214 631809917
190714013 880427223 108894246
190714013 547737444 674106887
190714013 444012313 330304665
190714013 925357009 57136471
190714013 856228192 641687933
190714013 434975562 502175688
190714013 444012312 707804709
190714013 499009240 102949536
190714013 528000159 660101098
190714013 359963909 460086458
190714013 286777745 644929723
190714013 643330229 141651280
190714013 643330228 829505571
190714013 75720563 596944067
190714013 854444372 129019709
190714013 680266617 277444159
190714013 578960874 95303863
190714013 708376929 956373631
190714013 148151810 196494145
190714013 366022481 707298955
190714013 639155109 298662756
190714013 472805800 664990929
190714013 645385198 324167904
190714013 481147826 472214594
190714013 148151816 754622957
190714013 219862520 839347624
190714013 441632610 2473909
190714013 19121507 643848493
190714013 113008881 647112056
190714013 499009239 592675937
190714013 444012315 744891436
190714013 740547928 965521333
190714013 882151316 363486349
190714013 552774384 298138113
190714013 841901453 127921419
190714013 142921884 601231445
190714013 245668663 390688099
190714013 34215604 930016182
190714013 578960875 811766524
190714013 811324406 97033043
190714013 177096839 719967595
190714013 583492533 64412001
190714013 475785670 970111644
190714013 351046717 103518377
190714013 690185053 810733454
190714013 707041150 812628383
190714013 120112473 516005082
190714013 792535538 529993545
190714013 466047213 206653319
190714013 321139293 777084751
190714013 19121506 588194392
190714013 683419368 737213852
190714013 172331565 501331139
190714013 351046718 885463695
190714013 409190050 790967319
190714013 351046719 444963820
190714013 441632611 299211782
190714013 471450936 593540857
190714013 510659044 547864609
190714013 909538975 92502781
190714013 854444374 799287951
190714013 72275925 198728733
190714013 72275924 973130141
190714013 668370117 705730218
190714013 903581155 616237848
190714013 16172442 35232448
190714013 783367821 927518232
190714013 683419369 59658357
190714013 420181726 360766896
190714013 725905363 348336759
190714013 459418817 869669387
190714013 745898237 321041444
190714013 154990373 491821867
190714013 19569020 746564883
190714013 688374883 825354347
190714013 434975556 845537095
190714013 184513840 926255592
190714013 535474895 237717406
190714013 34215603 548108786
190714013 489397390 14908503
190714013 668370123 574981362
190714013 708376930 929501687
190714013 499009242 487858132
190714013 19569021 429398008
190714013 359963910 69345233
190714013 813476168 694175319
190714013 766309478 609104444
190714013 740547927 494055652
190714013 46920221 833219778
190714013 552774385 277599929
190714013 707041151 976878175
190714013 172331564 474182919
190714013 663617500 807477968
190714013 497540559 809853904
190714013 977770833 697474928
190714013 170061381 369047873
190714013 81905058 978028022
190714013 72275923 192592154
190714013 139704391 49084534
190714013 72635413 648688903
190714013 535474898 520510610
190714013 99947929 684423225
190714013 27654573 325563455
190714013 918375032 5654705
190714013 937943000 929306630
190714013 5339383 208628637
190714013 211490324 573184451
190714013 120112474 679674511
190714013 471450937 769250729
190714013 52354068 887719983
190714013 5339382 97819311
190714013 200057261 596035134
190714013 280651468 861844944
190714013 880427224 631878222
190714013 870756750 54052631
190714013 156055533 188580653
190714013 826449108 841424081
190714013 211490323 745286247
190714013 471450935 171650318
190714013 899327948 521340321
190714013 4728621 562460798
190714013 973729374 867322652
190714013 616234132 380532607
190714013 534256208 703054971
190714013 113008879 82001853
190714013 27654572 726308648
190714013 217593266 591681000
190714013 497540560 661379515
190714013 120112475 656317673
190714013 527705395 358189784
190714013 385964160 866499802
190714013 405677049 233631393
190714013 126394843 815190989
190714013 81905057 718123581
190714013 811324407 133876013
190714013 99947930 423706171
190714013 260297105 566328392
190714013 103007545 474617996
190714013 350933584 760423096
190714013 510659045 353140217
190714013 740547926 776283769
190714013 466047214 964325912
190714013 973729373 695024861
190714013 708376931 263690574
190714013 547737443 389722325
190714013 845654963 57749679
190714013 854444371 646230086
190714013 46920219 911994829
190714013 252148784 978087693
190714013 854444375 310042979
190714013 502574478 846594032
190714013 938036797 658492157
190714013 9878994 957537291
190714013 783367820 10583324
190714013 75720564 94371056
190714013 88787494 26799764
190714013 276779889 563346479
190714013 213194532 950835541
190714013 126394842 247498479
190714013 379696570 440687214
190714013 845654964 116512224
190714013 22451024 659146383
190714013 50079307 28636756
190714013 201196534 431202473
190714013 499009243 800629844
190714013 826449109 781826635
190714013 72275926 544522215
190714013 573335438 508624723
190714013 413065858 180944333
190714013 592813033 222266575
190714013 103007544 370354739
190714013 737064510 706931092
190714013 257277099 437211970
190714013 72275927 7187513
190714013 560360121 76889421
190714013 528000160 747662794
190714013 365922620 249128368
190714013 594360077 516455320
190714013 523085754 799651261
190714013 475785671 774570932
190714013 105206750 887643506
190714013 32088719 556025270
190714013 207104590 728879967
190714013 177802951 439075366
190714013 84323316 56875982
190714013 368343658 437353444
190714013 938036796 888644330
190714013 170061379 496961662
190714013 233636933 300176633
190714013 19569019 793196181
190714013 971393860 965751933
190714013 535474894 438860583
190714013 4728622 628945459
190714013 845654965 672827086
190714013 177802954 490444188
190714013 509296320 91231275
190714013 566550713 100881149
190714013 514122666 838912706
190714013 700888397 917839214
190714013 354601637 700305677
190714013 707041152 239964371
190714013 796918720 771258405
190714013 729091460 69686122
190714013 845654966 818717053
190714013 198408510 191657989
190714013 354601638 221793536
190714013 982725055 67740684
190714013 210356771 863850820
190714013 793732314 728961227
190714013 75720565 134433852
190714013 260297106 485498261
190714013 103007543 557741970
190714013 5339384 762210234
190714013 142921885 199561767
190714013 510659046 961690239
190714013 777036006 571497055
190714013 514122667 740207671
190714013 257277098 777309181
190714013 909538973 369306765
190714013 663617499 258441400
190714013 481147827 515874856
190714013 27654574 759780407
190714013 475785669 625627562
190714013 286223406 151715285
190714013 326199008 10448178
190714013 509364897 710657151
190714013 84323317 31676181
190714013 521435343 23189859
190714013 426381687 694513299
190714013 105206751 861003244
190714013 659760894 738779238
190714013 938036798 700111359
190714013 72635412 12826380
190714013 708376932 923777734
190714013 351046720 662956471
190714013 252148783 567855408
190714013 472805803 512972759
190714013 269019989 619515254
190714013 656262915 117690502
190714013 269019988 150408419
190714013 142921886 760770265
190714013 70842399 150560118
190714013 663617501 877240326
190714013 315438102 62948754
190714013 618156806 986264234
190714013 745898235 691794146
190714013 845654967 760483811
190714013 272892636 305841220
190714013 233636932 967403149
190714013 405677048 926051638
190714013 257277097 631374807
190714013 879856236 855404647
190714013 666867436 352347211
190714013 663617502 778371042
190714013 184513841 80952957
190714013 233636931 796338551
190714013 840361055 556512546
190714013 88787493 939819154
190714013 70842400 447975826
190714013 963946599 675217897
190714013 356359631 358874832
190714013 301038128 786439426
190714013 288090067 80022962
190714013 528000158 785079385
190714013 142921887 869803798
190714013 359963911 248906910
190714013 252148785 895276811
190714013 900331215 550973973
190714013 5339381 842852265
190714013 358700953 609479058
190714013 309257282 792749284
190714013 27654575 757336722
190714013 900331216 286994169
190714013 393649738 688598607
190714013 740547929 367862055
190714013 72275922 695649917
190714013 329969366 973817191
190714013 475785668 293928364
190714013 509296321 785103647
190714013 225706767 179833129
190714013 552774383 115846557
190714013 668370116 342847975
190714013 552531496 22045934
190714013 4728623 692866357
190714013 82148840 410942048
190714013 683419370 957344305
190714013 68731922 135879933
190714013 112324862 210352513
190714013 260297104 402782837
190714013 359963912 638926193
190714013 409190056 34213912
190714013 199953450 444078280
190714013 181679820 183898427
190714013 207104592 757765531
190714013 575576874 961723069
190714013 237913128 901134136
190714013 982725056 581188896
190714013 429622565 381351515
190714013 865032839 323955902
190714013 527705397 866445686
190714013 592181877 220721846
190714013 379696571 601474817
190714013 405677047 783102585
190714013 616703528 251205565
190714013 576852863 449829655
190714013 479916410 644917444
190714013 676441223 216978879
190714013 441632612 909238680
190714013 730313176 266243542
190714013 783367822 909873167
190714013 367880815 283537606
190714013 634180406 810684779
190714013 37900245 821820564
190714013 510599739 323767824
190714013 826449110 906522560
190714013 168289943 206505782
190714013 257277100 178206044
190714013 481147825 723357432
190714013 342865736 561665194
190714013 849892823 388732121
190714013 302460817 625268681
190714013 321139292 484359776
190714013 39577508 938473215
190714013 393649737 603397017
190714013 225706766 136257552
190714013 345938472 231369315
190714013 719163778 217583223
190714013 610273556 971325105
190714013 938030992 374987008
190714013 420181729 317190318
190714013 610123780 982839903
190714013 493670122 951784406
190714013 631370432 181091439
190714013 434975563 900541806
190714013 552774382 392829929
190714013 938030991 931590987
190714013 588891884 172364184
190714013 789493693 167889699
190714013 365922621 523840071
190714013 324023497 851581666
190714013 105206749 23444612
190714013 945818224 622578379
190714013 783367823 437073437
190714013 560360120 896383962
190714013 393649739 208193157
190714013 488613581 451832441
190714013 740547930 414842645
190714013 977770831 894968378
190714013 840498973 914339194
190714013 688374884 152642124
190714013 200057262 123637235
190714013 448838410 378212885
190714013 218913794 803548497
190714013 745041457 627177176
190714013 49821765 731692992
190714013 545591133 415669985
190714013 687014606 19061321
190714013 878630191 409532931
190714013 218913797 590455264
190714013 113008878 390235175
190714013 432745608 863370731
190714013 434975555 982353517
190714013 609303205 437532590
190714013 582605338 596762483
190714013 252148786 276266154
190714013 281130167 933553760
190714013 88178239 691097676
190714013 645385197 418365458
190714013 641474813 94664744
190714013 31310739 776309691
190714013 177096840 683197063
190714013 945818223 740620349
190714013 406936699 255251854
190714013 859726611 66834963
190714013 595334430 114225953
190714013 666867435 750211648
190714013 730313175 141251058
190714013 366022484 708061646
190714013 304701266 889035821
190714013 984355587 766063950
190714013 534256207 327732888
190714013 488613582 828975253
190714013 777036007 81215205
190714013 198408505 352721576
190714013 634180405 45665768
190714013 967602671 36192521
190714013 118425613 515823268
190714013 444012316 806975416
190714013 331973070 739490576
190714013 148151817 694313239
190714013 142921883 578153381
190714013 94179802 817822629
190714013 499009244 866049290
190714013 719163777 948296704
190714013 766309479 766551751
190714013 609303206 370861565
190714013 841901449 639498361
190714013 118425612 947844685
190714013 736245721 58356751
190714013 548826414 51609055
190714013 660922582 726495761
190714013 331973069 2675195
190714013 523085755 91976230
190714013 548826413 443619383
190714013 823568079 367196641
190714013 815047458 977347253
190714013 878630190 238015631
190714013 9878995 432713276
190714013 238151470 938046651
190714013 288090068 668439130
190714013 304701267 443927414
190714013 982467771 691080152
190714013 201196533 746451587
190714013 616234128 584843884
190714013 775428716 31043952
190714013 82148841 308559343
190714013 396915523 601103539
190714013 254148824 959045927
190714013 148151809 176304961
190714013 234190520 793809005
190714013 833242082 400820967
190714013 634180407 513641636
190714013 977770834 279125819
190714013 590163055 550808824
190714013 126394841 442613272
190714013 195734963 327413574
190714013 52581840 813284893
190714013 139704392 36334640
190714013 963368611 694277966
190714013 973729372 251817137
190714013 213194531 86689149
190714013 948580889 346685848
190714013 973729371 573918309
190714013 618156805 630886365
190714013 841901454 393258379
190714013 22451025 953111516
190714013 841901455 784108497
190714013 97767675 892890134
190714013 808444195 597417721
190714013 499592334 780833174
190714013 826449105 296725684
190714013 5339380 576340276
190714013 653493739 453053712
190714013 470570983 744788995
190714013 725905364 767585406
190714013 315438101 16264326
190714013 200057263 242749247
190714013 575576875 815609062
190714013 499009245 894817342
190714013 321139294 935176542
190714013 938030993 854813069
190714013 488613583 637792773
190714013 38737154 398677134
190714013 585029772 129598204
190714013 448838411 696910920
190714013 499009238 643977331
190714013 789493694 226382284
190714013 806128325 33046494
190714013 628700406 572759293
190714013 405677050 288138311
190714013 909303622 862295089
190714013 763849278 440433803
190714013 489397393 391536015
190714013 481147824 688862561
190714013 740443795 920677781
190714013 327811373 717228247
190714013 220337207 94690640
190714013 50663512 695154742
190714013 659760893 336212760
190714013 353496438 10431554
190714013 589511592 384265759
190714013 591356999 342842003
190714013 938036795 668812919
190714013 592813031 641138312
190714013 793732317 450095924
190714013 594360078 397194242
190714013 218913798 208570320
190714013 320931084 736828324
190714013 796918719 500432442
190714013 43584618 437186549
190714013 191421669 39820514
190714013 68731923 394013741
190714013 574448508 604552079
190714013 507237638 281318776
190714013 576852864 238288583
190714013 841397702 961376530
190714013 925357008 654263307
190714013 616703527 447337165
190714013 435825810 417055987
190714013 315438106 811986793
190714013 592181876 935264607
190714013 963946598 226132127
190714013 320931083 660912911
190714013 698071496 351495187
190714013 213194533 901775758
190714013 776632573 193160829
190714013 225706768 318207329
190714013 210356772 251143686
190714013 111701502 176554986
190714013 840361054 365286467
190714013 534256206 890941089
190714013 52581839 252527630
190714013 38761284 608786657
190714013 507237639 678706898
190714013 391555442 222577359
190714013 69408618 118828221
190714013 607735188 300583183
190714013 366022480 733515862
190714013 217593265 797707042
190714013 4728624 401751299
190714013 676321355 644851833
190714013 518429898 284082478
190714013 930913013 228867311
190714013 573506311 160726129
190714013 32088718 38410605
190714013 202728020 484915819
190714013 629376943 338815181
190714013 656262914 778490825
190714013 584544091 120030342
190714013 252326200 398623664
190714013 806128322 88420440
190714013 592813030 265486247
190714013 889925563 702590507
190714013 276030059 132337123
190714013 584544092 611074742
190714013 764611645 787805703
190714013 763849277 69637288
190714013 365922619 802570274
190714013 133754114 670385976
190714013 595334431 612657529
190714013 778284975 814077570
190714013 358700952 830903860
190714013 567438299 813157233
190714013 444012317 792997894
190714013 326199007 415166207
190714013 916815823 340437893
190714013 416412436 179115767
190714013 591357000 644560061
190714013 826449111 605478385
190714013 821043574 733594071
190714013 502574479 64490970
190714013 792535536 194460371
190714013 286777744 7887672
190714013 584544090 492047520
190714013 596642704 205219364
190714013 157978439 812583266
190714013 687014607 108564205
190714013 588493501 59283934
190714013 122615350 189241765
190714013 641474812 864257040
190714013 329969367 507461818
190714013 771411827 330770110
190714013 198542765 550206543
190714013 223681062 760681814
190714013 552774386 190484302
190714013 882514898 34042731
190714013 302460816 381258452
190714013 739891247 876794010
190714013 518429899 425805545
190714013 52031758 761428660
190714013 903581156 811157039
190714013 518429897 402990006
190714013 574448509 3598914
190714013 610123781 420303410
190714013 740547931 713130175
190714013 389578998 395935532
190714013 215330188 661726712
190714013 426381686 712832789
190714013 984355588 949210770
190714013 377498458 209447919
190714013 493670121 771089513
190714013 199953451 108012890
190714013 659760895 883505234
190714013 487346367 901857055
190714013 872167657 390764331
190714013 579917201 344124285
190714013 9878996 778317000
190714013 575576876 435641971
190714013 590163054 559612297
190714013 730816014 776120549
190714013 278974690 440715640
190714013 191421670 385606179
190714013 320945838 856507891
190714013 164428409 328274669
190714013 234190521 105352935
190714013 83816265 219069254
190714013 895859723 823167233
190714013 324360449 312738256
190714013 775428717 422080767
190714013 320350332 884076880
190714013 782196409 389786974
190714013 841901456 825888997
190714013 518282653 938282466
190714013 81905059 416481874
190714013 746063137 911668314
190714013 712375599 972466830
190714013 389578999 110958515
190714013 315008946 711026956
190714013 894170571 51216217
190714013 582605337 720498628
190714013 324023495 385977540
190714013 870756749 179384569
190714013 700888398 819165265
