2257401684
2280661950
2918803944
3245973622
6301322168
8097790820
10854423646
11353120750
12366277590
12973985174
16795043270
19303871234
20397430598
23753284758
25244165094
25599880234
28744842014
28744842014
28969808102
29516675048
31328705344
34098948808
35891724708
36640913098
36874259002
39169079246
42162444422
44981376006
44981376006
46386974286
48835409226
52407443302
53476753378
56503676994
57193127490
58758305640
58830404168
59434628608
63240549220
63578545244
65510343108
68649603520
69534516108
70720818126
73492961146
74491048222
75292266418
75750016634
76462991404
78392709768
80901283480
84247750324
85681410912
87639182586
88542025566
88703100432
92523314244
93804619438
93881083158
95089082956
95357549122
96823425672
98969961092
100807452048
102965880232
102966623124
103984384792
107025871644
107123637976
107371583618
107987428006
109366886990
109887305922
110289934046
111446284952
112314981072
115664669626
117448615308
117778757720
117778757720
118082969472
118346429640
118568762206
122182314378
123556580406
124059416366
124102023424
125473905630
127311658230
128260910194
128541974068
130608245644
134067238380
134615124990
134944691512
136308648636
138312910994
138869647854
140593592590
141954702346
142893389734
143370245314
143790429936
144300155352
146345820290
146996638130
148165641292
151316470756
151715668608
153357793568
155681399716
157985222016
160677601264
161089966002
163420410322
163581720782
163990654020
165950310236
167517997996
169666705286
170541408456
170846793420
173223820454
175079033762
176429089608
180137811584
183549553596
184184348636
185165146474
185704418788
185814678336
188511333100
191949336900
192128166028
193235114632
194161220036
194248905706
195949239896
196537854694
197763900810
199323153522
200506047462
203034966258
203574104152
204141017800
207454491748
208731631716
212299819032
212968106518
214420689822
215340779434
216585015138
219450379034
219730117526
221795590912
223139095766
223359722028
226228848672
226699373416
227919086604
228278964886
229221965422
230888389408
233253563428
233564797482
234429013052
235416051860
237099535672
238657853430
238886255450
240364554236
242124627526
242482665198
245297910654
249053623722
250403900562
251592273388
253369416030
256478614766
257057945512
257670437634
259454685354
260748523754
262011377312
262128041204
263878897740
264130946224
264634688194
265845302488
266831240264
267819560214
269708617962
272053909258
272593793116
274181137612
276920748024
277999106244
279891591720
281381661990
282386765352
283599469342
283997354906
284147387206
285930242512
287425324296
288271641128
289300880482
291550733274
292067384694
294982264976
295621024864
296176487900
296399045164
297243358640
299746637008
299927643466
302443913326
302874401466
303737736118
305641000122
305962821974
307376699208
309110950076
310479979936
312287307414
313249905270
313808748562
315492573198
317773235970
318143457332
320501697992
321671329794
322686217172
322927596348
323505279562
324244967468
324543480008
325313549128
325720965900
327314568750
330753749594
332468329666
332545821328
333929058494
335878467282
336939689086
338901035270
339295359424
343027634922
343976478790
344400315548
347362782132
348357533780
350260397472
352392896712
352741379360
355106516136
357647753156
358952590120
362540481140
363206202866
365122280068
367233912752
368713658278
369949141358
371563582886
374727091282
376972564214
379447642826
380289722446
383921596286
384720067346
386382354506
388060973794
389699967198
391145447454
393340284868
394061951278
394712545516
395401359504
397271988468
398226146876
398226146876
398226146876
399003512646
402943099438
403194190606
406413557730
407467056846
410346555206
411099404894
411948352470
412277809146
413283197498
414827660264
418485660540
420032842516
422550082400
425573142536
428338909096
429698885710
429741191610
430363226782
432916351766
435490394250
435572875120
438101650620
440568428032
442126224458
445592677250
446938498130
447379227690
448354263394
449866272926
450470439002
451430507390
451692485354
455484642618
458252578538
458380716726
460198845904
463254089088
463679778252
465858519352
466843749008
467783131702
469838105026
470137491774
470395899846
470837967342
471760279946
472621194022
473924619390
475812530158
476436620292
476494252380
476722194180
480426364576
483317747744
483327422102
483591533350
485561140914
486977410446
489363833124
490177327456
490592844056
491321619284
493079437004
493820525940
496047547868
496195895902
496370901418
497295006258
498728520990
501776847522
502122376582
502319108826
502488809134
504117002990
504304917086
506637607082
507568967400
510031831488
511104708112
512933012300
514360519552
515670526544
517700198716
518219698756
520157622110
522715339302
524183961138
525110171066
526378630612
526676663062
529310711906
531094878408
533013240092
535127036030
538066813638
539237398960
539941483798
540350271714
542943072360
543916931002
547147853966
548595671110
549698776756
549898234016
552355741456
555077945932
556946784804
557524073216
559284881322
562919754342
564158461878
565109379022
566222930930
566222930930
567720396980
567731473146
568601549812
569754407834
571217992232
574008239664
575451627324
577393511434
578468018058
579493969410
582816719394
583019801686
583458199366
585428678546
587275324476
589147407292
591041801628
593306468152
593910777548
594417284966
595113451816
595357091198
597225600618
597605313316
601248048288
603978955216
604256218154
606835292120
608400427916
610244904314
611067495108
611087268632
612086032988
613286623624
615252720308
615518313160
616255213210
619450443866
621379182006
622742939908
625223749528
625701445602
626530103438
630055272454
630875173256
632501088552
633647017708
634557401450
635702107894
637654854430
639907165318
639933387036
641695787792
643102287150
644435644554
644828350404
646357177360
646637833348
647046760110
649862489778
650639770946
654354023346
656158736014
657773976668
659223970552
661656035744
662162187024
662983139430
664872880558
665903936422
668046413900
668953749776
670426571328
670556245808
672038770736
674598990192
677259967224
680302616480
681532532976
681789958168
683924470092
684670136860
686138036878
687206308584
688845741792
689198453128
690520301988
690555776404
692025153056
692565450096
693596660740
694037769506
696708509558
697902155428
698574109044
700347608940
700864223938
702290093222
705414910778
707030686826
710832078518
710834473378
714067316238
715159896134
718403420830
720125530678
722025599954
723573142278
725230616568
725398454124
726266841108
726366934476
727822641418
728644022254
729725249802
731339344866
732157200906
733114818612
734160734912
734699131854
736031518050
737277972584
739258946422
739567050234
740542556558
741706808432
742088307984
742826061048
745251424304
748311837720
749556003312
750158220242
750627900390
750815224292
751666510954
753397454988
753823777422
755513600770
756842643710
757805377394
760959023728
763179249888
766836846548
767688062446
769945428830
770136964744
771096012286
772277283656
772639293360
774343747882
774434913370
775954179072
776383871574
776624706994
776987755320
778333991432
780245254690
782235684838
785564961548
787150798666
789510871262
793057113490
794063368698
794063368698
795434655370
795844197202
797032754664
797470004428
797768428618
799422446496
801318177114
801751149450
802299976762
803033497974
803514055360
804996588312
805809488372
806876012592
809576411656
810829187660
811566605908
812966450394
816228398080
816561304988
818000050664
818061558060
818611771270
821082988918
824017064262
824571970524
827657911872
827864607496
829571763144
832031121800
835678648680
837208435560
839181064574
842977419694
844637008594
845526170212
845752993880
847091350520
847395305588
849368268190
850392288958
853699359278
854660714198
855992136616
858548138112
860066552520
862633341988
864144508222
864144508222
864393080474
864905601882
865264864446
866997937296
867527869632
869057575982
872103489590
873906776460
876767921212
877606075120
878336399360
879792073620
881081485734
881260175878
881799224474
882074406974
884020861286
884343477798
887698860254
890012356868
891906409080
894781525136
895761633956
899228647016
899286516722
899862919166
900046340652
901715437572
903127246264
903312101450
903956708642
904572053922
906894409322
908761463696
908963685364
911697005504
913378367196
914838877526
915444822098
917267679104
917936285280
919494695242
920769378828
921727124634
924346486250
924862803090
925433935386
927099723692
928349460214
928478846528
929460514640
931492924336
932931818380
933918306522
934221806474
937463515814
938366775750
940155052694
941345875024
941625063358
943482349298
944573424870
945657466660
945900711508
946111513704
947674034202
948821568466
950400512482
951894199528
953710170104
957133645956
960331438500
961382384860
962466198726
962702569122
964026712990
964026712990
965404644530
965593933056
967286694006
970183612450
970669960770
971971731520
974023444480
974484519920
976355551832
976619447994
976928803068
978217257416
981070106528
983170860812
985702526336
988122645884
989393243504
990165173978
992512969458
995815023034
995870270752
996732730148
997515329610
999091302274
1000724524026
1001975317078
1003922468030
1004428527674
1006345133326
1006508877898
1007402333086
1008331395838
1009547726018
1011262546922
1013110349698
1013793959326
1014213658008
1015956021552
1016437440284
1016437440284
1019655946760
1020605560352
1021492486960
1021492486960
1022275795724
1023286251706
1023286251706
1027224349938
1027406542232
1027955199852
1028140061694
1028703853314
1032404166634
1036175651402
1037924158470
1039522418920
1040582962692
1042453905788
1045888966608
1047960532478
1050877009442
1052032680766
1055170232586
1058390870884
1059047025688
1059536895478
1060661738012
1061625979194
1064605619788
1066259103084
1069791858924
1069926090074
1070145370894
1070837761928
1071468212580
1071987926964
1073493214844
1073493214844
1073623281044
1075243671792
1077614730372
1078088455920
1079528595408
1079966875166
1080994639090
1081983254908
1085901866928
1087593110148
1087664291168
1088684504944
1089610950718
1091208894394
1091916218506
1093700690170
1093700690170
1095117743360
1096751479634
1098338324466
1098809640590
1098970792678
1098970792678
1099544557346
1099548452122
1101341683108
1101752479110
1104990626722
1106940833606
1107124261534
1108937999254
1109740659806
1109930715536
