800
104843759 661164873 564350421
104843759 661164872 11630133
104843759 661164874 319070997
104843759 661164874 163584839
104843759 661164874 804684429
104843759 661164875 898234326
104843759 661164871 694973273
104843759 661164872 742705990
104843759 661164873 696564122
104843759 661164872 303853792
104843759 661164874 955264524
104843759 661164872 728569305
104843759 661164872 273389841
104843759 661164872 838963540
104843759 710704757 372720084
104843759 661164874 88928785
104843759 175454384 786240445
104843759 661164873 210803953
104843759 710704757 56241522
104843759 661164871 273433473
104843759 787313453 453007574
104843759 310648920 692560866
104843759 310648921 794474408
104843759 310648922 374594195
104843759 66152002 58336476
104843759 661164874 573705061
104843759 175454384 748341294
104843759 710704758 919213699
104843759 661164873 952866352
104843759 310648921 351399570
104843759 787313452 838612522
104843759 631630118 893008519
104843759 661164873 744918289
104843759 661164874 888863155
104843759 661164874 172362624
104843759 661164870 782589075
104843759 865778270 18024632
104843759 661164872 286251378
104843759 661164874 951480153
104843759 661164873 184858854
104843759 661164875 965898932
104843759 380667794 784815103
104843759 66152001 250396385
104843759 661164873 593151009
104843759 710704756 907516558
104843759 661164874 249521769
104843759 661164875 400609098
104843759 661164874 114437554
104843759 661164871 356487385
104843759 354041806 482429591
104843759 661164874 627143428
104843759 661164874 836616711
104843759 424239108 358415147
104843759 661164873 978885837
104843759 661164871 451421490
104843759 661164872 80537433
104843759 984896586 955053453
104843759 661164875 640652597
104843759 661164874 19115930
104843759 661164875 603999899
104843759 710704755 134233083
104843759 661164872 732938275
104843759 865778270 536633855
104843759 710704756 459372739
104843759 710704758 539607046
104843759 571720598 185723
104843759 661164875 508880834
104843759 385569076 760371713
104843759 661164874 24441583
104843759 661164873 123972821
104843759 710704756 153961097
104843759 661164874 344864746
104843759 661164873 260209466
104843759 661164871 201314062
104843759 661164873 578175453
104843759 661164874 217174030
104843759 66152002 933452093
104843759 661164873 891972841
104843759 661164873 165071206
104843759 710704757 282092640
104843759 661164874 76052938
104843759 661164871 131730084
104843759 710704757 834364465
104843759 787313452 903388043
104843759 661164873 584322823
104843759 661164872 251417980
104843759 710704754 21303529
104843759 661164874 394375647
104843759 481134579 459438150
104843759 771431366 237312991
104843759 661164876 140531937
104843759 661164873 662350622
104843759 893980651 864748184
104843759 661164875 273943305
104843759 481134578 164783261
104843759 661164874 526381864
104843759 424239109 680273163
104843759 661164874 139184215
104843759 481134579 430986184
104843759 66152003 680554878
104843759 375255322 234671847
104843759 710704755 238427790
104843759 661164875 210092311
104843759 787313454 254862708
104843759 661164873 658806691
104843759 661164873 162704460
104843759 771431367 410907286
104843759 175454384 787707366
104843759 661164872 199598926
104843759 661164875 821062480
104843759 973756111 580901537
104843759 90191066 575955575
104843759 550676921 673094812
104843759 631630119 206182369
104843759 661164873 582611080
104843759 661164873 40327615
104843759 865778271 204466619
104843759 318993790 489914054
104843759 661164874 783843880
104843759 481134578 899997359
104843759 481134580 437351585
104843759 310648923 152692482
104843759 661164874 777169285
104843759 661164872 927606654
104843759 710704756 349798120
104843759 207273937 927180494
104843759 481134578 852935503
104843759 710704754 317397520
104843759 984896587 490398919
104843759 661164875 269636157
104843759 424239107 55129774
104843759 952847665 674163691
104843759 661164874 859500950
104843759 839881001 44707282
104843759 310648922 553474302
104843759 952496723 231526351
104843759 771431368 43842835
104843759 310648922 533986288
104843759 661164871 294307399
104843759 661164875 613023058
104843759 661164870 779626356
104843759 661164870 591446970
104843759 459007936 632229699
104843759 661164873 269568947
104843759 661164875 283456824
104843759 839881002 850722128
104843759 801344458 319284992
104843759 310648922 892046829
104843759 310648920 334143743
104843759 211624788 363145826
104843759 702207656 230022403
104843759 735051668 311058926
104843759 19775326 716340974
104843759 661164872 139869246
104843759 661164870 641370729
104843759 771431365 454532709
104843759 801344457 110313131
104843759 914626978 717281661
104843759 661164871 626628336
104843759 310648921 609856594
104843759 661164876 179939141
104843759 661164871 471500268
104843759 661164869 833211993
104843759 211624787 772866418
104843759 952496722 155617027
104843759 661164873 432107785
104843759 424239106 274324589
104843759 661164872 841741906
104843759 661164872 779158879
104843759 661164873 114201010
104843759 801344457 474060627
104843759 661164875 880036645
104843759 661164871 179018836
104843759 459007936 703811364
104843759 661164874 938928267
104843759 175454385 675138420
104843759 661164875 594186413
104843759 661164876 888571321
104843759 424239109 777299684
104843759 661164871 289665373
104843759 481134577 306246061
104843759 661164872 892123860
104843759 661164874 323459600
104843759 631630119 631426779
104843759 661164872 58331946
104843759 661164874 437714134
104843759 710704756 63012121
104843759 710704757 251870985
104843759 661164877 605307147
104843759 661164871 492968888
104843759 661164873 494159975
104843759 661164875 944528874
104843759 40042954 586322824
104843759 661164872 269941929
104843759 661164875 793672248
104843759 723060468 684902603
104843759 661164875 539179110
104843759 771431367 473121369
104843759 661164869 745035135
104843759 661164873 502551681
104843759 710704755 606351995
104843759 661164878 198942782
104843759 661164875 75016150
104843759 661164872 891427653
104843759 984896586 373770446
104843759 184955375 211579208
104843759 661164873 514619677
104843759 865778271 737559132
104843759 318993791 258325710
104843759 710704757 796905540
104843759 661164873 319379944
104843759 211624788 277731518
104843759 661164873 111278632
104843759 661164871 422156738
104843759 667410629 625819592
104843759 661164870 90503229
104843759 865778271 629067465
104843759 175454385 215244070
104843759 722489578 215833663
104843759 661164875 951632002
104843759 304381756 80455463
104843759 710704753 522819833
104843759 792401012 433562717
104843759 591313189 342257465
104843759 661164872 903663739
104843759 697009792 240649464
104843759 661164874 139710823
104843759 697009793 541280891
104843759 334700171 570165693
104843759 661164872 185110681
104843759 550676920 926107571
104843759 661164873 468803128
104843759 661164872 507443689
104843759 661164873 60344794
104843759 661164872 288841607
104843759 792401011 369843953
104843759 661164870 149256270
104843759 481134581 385034560
104843759 175454383 203708386
104843759 661164875 796801425
104843759 66152002 859795211
104843759 661164872 857290036
104843759 661164875 38745831
104843759 19775325 691618583
104843759 336940301 487352197
104843759 661164873 265305451
104843759 424239106 490336546
104843759 661164876 197162077
104843759 19775325 945430070
104843759 664135862 237210967
104843759 710704755 211918379
104843759 648970968 740616646
104843759 661164875 497375824
104843759 661164876 951431846
104843759 710704755 904489504
104843759 661164875 160579451
104843759 661164879 690755585
104843759 318993792 764472110
104843759 984896585 652418482
104843759 661164875 896972755
104843759 661164876 332860863
104843759 66152001 958038601
104843759 169369018 527908171
104843759 787313453 739872763
104843759 525902106 308870770
104843759 661164873 403610382
104843759 661164875 790877099
104843759 661164873 561368233
104843759 661164875 618769653
104843759 407042062 210519905
104843759 66152002 907968460
104843759 481134578 199617765
104843759 984896586 415571790
104843759 661164871 839309644
104843759 661164873 409748351
104843759 310648924 437716305
104843759 571720597 548802215
104843759 771431369 202338020
104843759 310648920 325297119
104843759 212259680 172203497
104843759 661164872 935314482
104843759 661164871 477079204
104843759 661164874 902402376
104843759 661164874 487001966
104843759 66152001 388682885
104843759 184955375 984896698
104843759 310648920 125545584
104843759 483778036 804841781
104843759 525902107 417810164
104843759 2923759 719874590
104843759 661164874 803410486
104843759 571720596 424473788
104843759 661164873 164728338
104843759 66152003 502694176
104843759 710704754 956350167
104843759 318993790 914500069
104843759 571720595 599032388
104843759 483778036 629309971
104843759 735051668 755765034
104843759 984896586 691441640
104843759 550676921 466500533
104843759 919144635 10576475
104843759 661164872 311017586
104843759 771431367 638281246
104843759 787313453 918070735
104843759 664135861 41240435
104843759 661164874 695927151
104843759 710704757 616694353
104843759 661164871 778898213
104843759 772445647 866613198
104843759 674230093 336455220
104843759 661164872 220364780
104843759 483051340 243758926
104843759 661164874 378002383
104843759 839881001 302083038
104843759 710704756 641794310
104843759 661164873 130988982
104843759 422052400 948039316
104843759 626013326 691983980
104843759 201397450 32034547
104843759 661164870 909064589
104843759 661164874 763810796
104843759 207273936 212844582
104843759 424239109 544685275
104843759 481134579 492614828
104843759 661164875 469691347
104843759 710704755 753760428
104843759 184955374 149693374
104843759 661164872 129204036
104843759 661164873 221033748
104843759 661164869 461156302
104843759 661164874 215228519
104843759 500331469 325856342
104843759 661164875 943955384
104843759 175454385 312045067
104843759 661164876 28816044
104843759 66152002 56985450
104843759 697009793 926042599
104843759 661164874 722845792
104843759 661164876 4837179
104843759 175454385 132055624
104843759 613415608 492401891
104843759 661164874 354067383
104843759 481134581 622764182
104843759 2923759 203373583
104843759 661164871 207758300
104843759 285920706 182193807
104843759 661164872 878908860
104843759 771431368 529039653
104843759 550676920 663499369
104843759 175454385 74174017
104843759 175454384 43751379
104843759 661164873 462052420
104843759 661164872 716757366
104843759 354041806 762081633
104843759 583848806 86382265
104843759 38080253 49183061
104843759 661164874 42425077
104843759 446503094 407048464
104843759 424239108 93957048
104843759 318993792 583172499
104843759 661164875 465680159
104843759 735051668 615716022
104843759 661164873 536438312
104843759 479895243 457076047
104843759 661164872 713753626
104843759 801344458 460046131
104843759 661164874 507418043
104843759 628272626 129875010
104843759 661164875 968961677
104843759 66152002 639429298
104843759 648970967 734310918
104843759 631630118 231552482
104843759 184955376 634229773
104843759 661164870 149016225
104843759 649958798 658512211
104843759 310648919 892083251
104843759 354041805 959180842
104843759 661164872 619191260
104843759 729684979 734944402
104843759 318993789 585292661
104843759 661164873 789749128
104843759 661164871 204393958
104843759 407042063 753460114
104843759 483778035 486929321
104843759 661164874 807730741
104843759 66152000 723908572
104843759 661164871 551552823
104843759 661164871 99728630
104843759 368309878 614376860
104843759 385540444 680551119
104843759 984896587 934419436
104843759 661164873 288644206
104843759 661164873 880404053
104843759 398858005 908718255
104843759 661164876 619353768
104843759 661164874 237729286
104843759 354041804 556775954
104843759 424239107 315693148
104843759 661164875 748733025
104843759 661164871 5538083
104843759 661164871 435038333
104843759 661164869 576429011
104843759 661164875 731792199
104843759 771431365 697561858
104843759 375929319 360846915
104843759 919144636 490759265
104843759 66152004 537253312
104843759 327769653 256487838
104843759 722489578 830687496
104843759 481134577 101541146
104843759 787313453 109599420
104843759 661164873 985239590
104843759 661164870 923322965
104843759 544262753 468020704
104843759 661164873 794764203
104843759 719595215 566166631
104843759 310648923 587178521
104843759 661164871 253253709
104843759 661164874 250258195
104843759 661164875 121819691
104843759 525902105 621562740
104843759 571720599 95021036
104843759 865778271 910683743
104843759 661164873 731639347
104843759 661164871 138631469
104843759 631630119 788244418
104843759 66152003 782567898
104843759 661164876 922238199
104843759 661164872 411295397
104843759 310648922 4943381
104843759 661164874 499382178
104843759 180440408 300147659
104843759 661164873 491524171
104843759 787313454 132796426
104843759 661164871 368450025
104843759 26046455 798807664
104843759 661164874 795162590
104843759 661164869 681878951
104843759 64099875 620202405
104843759 710704756 512574271
104843759 697009793 207164459
104843759 19775325 881292254
104843759 710704754 409950401
104843759 661164871 812957648
104843759 661164872 572964578
104843759 661164871 455191871
104843759 661164871 572353222
104843759 661164874 488186634
104843759 266086996 563077722
104843759 661164869 13110859
104843759 661164872 881200378
104843759 710704758 703249679
104843759 721952508 333339351
104843759 661164875 196352925
104843759 661164873 710903296
104843759 258196576 70163997
104843759 184955376 204463381
104843759 661164874 730687508
104843759 661164872 388640584
104843759 525902107 928563100
104843759 407042063 451178167
104843759 661164871 807620327
104843759 368309879 669686901
104843759 422052400 608016298
104843759 483051340 126537820
104843759 661164871 410476203
104843759 571720594 771951476
104843759 735051669 515527932
104843759 719595216 818702685
104843759 661164875 453667938
104843759 661164874 368205388
104843759 310648921 64837240
104843759 175454385 741262464
104843759 278302993 640054864
104843759 310648920 836754508
104843759 310648922 760662314
104843759 831581959 307479124
104843759 735051669 128712596
104843759 796806688 533627981
104843759 661164873 372833384
104843759 661164875 733950009
104843759 385540445 534135853
104843759 165560275 409858302
104843759 661164870 176355668
104843759 327769654 458706134
104843759 661164870 17737208
104843759 661164873 703618828
104843759 514870312 135074260
104843759 885470561 257802661
104843759 583848807 153468324
104843759 481134578 667685013
104843759 735051667 596822935
104843759 661164871 335976808
104843759 134566692 443374974
104843759 661164871 258307499
104843759 34023650 356467321
104843759 710704757 781204389
104843759 661164875 807888024
104843759 398858005 950347923
104843759 697009793 598715
104843759 661164874 823745464
104843759 249425647 273144974
104843759 692283120 810881174
104843759 839881001 682493366
104843759 661164874 475017319
104843759 661164874 386885581
104843759 984896587 828737145
104843759 368309877 83918778
104843759 66152001 434193492
104843759 661164874 25023342
104843759 692283119 727853471
104843759 525902105 205345209
104843759 422052399 540613774
104843759 661164872 807047532
104843759 661164871 408928020
104843759 661164871 478808853
104843759 661164876 522958150
104843759 661164872 269198471
104843759 794603801 333096549
104843759 481134579 623227267
104843759 710704755 614667478
104843759 661164872 154051906
104843759 771431369 429148815
104843759 631630118 541709251
104843759 19775325 95374888
104843759 661164875 368876532
104843759 787313453 606340814
104843759 839881002 854384133
104843759 422022252 311041398
104843759 661164873 301108465
104843759 661164874 117420037
104843759 722489577 93661951
104843759 661164872 425643331
104843759 661164871 865472017
104843759 661164876 213161217
104843759 739083826 422455837
104843759 661164872 664521470
104843759 984896585 481366842
104843759 692283119 829925435
104843759 184955377 974403117
104843759 211624788 980393702
104843759 19775326 425607949
104843759 661164874 564341596
104843759 354041805 95767957
104843759 723060467 479523771
104843759 368309878 322972863
104843759 258196576 90502426
104843759 661164872 852227261
104843759 661164874 22791372
104843759 661164871 759632851
104843759 661164871 214846251
104843759 893980651 60208855
104843759 661164876 181524163
104843759 710704758 673118056
104843759 661164873 955631629
104843759 710704757 497607537
104843759 304381755 872546909
104843759 710704752 657869196
104843759 258196576 590018149
104843759 838753301 886560557
104843759 661164876 503127604
104843759 310648921 242172872
104843759 631630118 342821668
104843759 459007935 204770916
104843759 735051669 594278731
104843759 66152002 109312441
104843759 661164876 149212095
104843759 661164871 827008939
104843759 661164870 947865309
104843759 661164875 216486168
104843759 661164872 274413656
104843759 571720595 269839847
104843759 661164872 240278693
104843759 184955375 370633238
104843759 661164871 406450030
104843759 661164875 533262110
104843759 184955373 749946453
104843759 721725035 313194001
104843759 710704758 368709124
104843759 661164875 699922243
104843759 38080254 840078452
104843759 628272625 148164232
104843759 661164872 719372838
104843759 38080255 30753698
104843759 661164873 275106605
104843759 585601464 617804412
104843759 368309878 733518836
104843759 661164873 277453131
104843759 984896586 771485337
104843759 354041805 103347812
104843759 661164872 853577824
104843759 801344458 614839664
104843759 153059365 911881720
104843759 661164874 382446720
104843759 661164871 986314507
104843759 62209001 949088780
104843759 661164874 414897225
104843759 66152001 444580809
104843759 710704756 489231275
104843759 661164875 669178320
104843759 984896588 151977534
104843759 710704759 986481301
104843759 310648921 763571520
104843759 525902105 826767580
104843759 661164875 480677460
104843759 661164871 665711209
104843759 19775325 639000374
104843759 939598408 379603602
104843759 160198801 641697367
104843759 661164870 755583117
104843759 571720598 81324967
104843759 66152001 124286126
104843759 661164873 256260704
104843759 661164872 179631282
104843759 661164873 866536425
104843759 661164872 264966168
104843759 661164872 764853175
104843759 757189461 761478402
104843759 661164869 901643435
104843759 435265484 715286188
104843759 278302992 419076954
104843759 984896587 365162120
104843759 661164875 727837130
104843759 66151999 644706057
104843759 661164872 89345072
104843759 66152000 269524298
104843759 38080256 84172474
104843759 278302992 597102533
104843759 424239107 242857529
104843759 424239109 838845614
104843759 839881001 916285441
104843759 661164872 688753473
104843759 175454385 826839425
104843759 787313454 490054410
104843759 661164872 866753265
104843759 19775326 28934853
104843759 661164873 537603421
104843759 787313454 91710743
104843759 710704758 834548460
104843759 424239105 705904346
104843759 661164877 92427593
104843759 19775326 322303596
104843759 661164871 307672640
104843759 710704755 637294767
104843759 661164875 768482307
104843759 771431369 50555417
104843759 719595216 683330035
104843759 735051668 420340423
104843759 661164877 730255165
104843759 665591415 151486143
104843759 710704759 911428503
104843759 661164870 334303088
104843759 661164871 779204981
104843759 661164871 637341793
104843759 211624789 478872903
104843759 909867061 654840404
104843759 661164874 355702261
104843759 347485814 142783074
104843759 984896585 832894153
104843759 661164870 624868261
104843759 175454384 64693157
104843759 661164873 558335095
104843759 306957942 508102424
104843759 197661889 359723511
104843759 661164871 493244071
104843759 80698404 75874988
104843759 19775325 810427335
104843759 66152000 451629968
104843759 278302992 447069236
104843759 661164875 393034273
104843759 354041804 139594167
104843759 335318571 464321485
104843759 631630120 545537786
104843759 661164877 542020895
104843759 180440409 121622424
104843759 555072541 52700549
104843759 184955376 822693101
104843759 397054001 286883566
104843759 661164873 409279695
104843759 66152001 746843523
104843759 661164873 453992644
104843759 819080680 855868963
104843759 38080254 799448136
104843759 771431368 634632944
104843759 661164874 744283825
104843759 585601463 118185198
104843759 308171256 331035967
104843759 661164878 465880114
104843759 984896587 638785408
104843759 175454384 94644263
104843759 661164870 846380475
104843759 984896586 749319792
104843759 661164874 243174160
104843759 661164871 650885375
104843759 376578670 512928240
104843759 407042063 115268860
104843759 66152001 576886782
104843759 175454386 131948081
104843759 483051341 154677537
104843759 414102415 322113587
104843759 459007936 713212278
104843759 123838564 525188571
104843759 661164874 816240586
104843759 757189461 605029887
104843759 661164868 635298810
104843759 661164868 385965237
104843759 787313453 586948870
104843759 578797707 825513394
104843759 661164872 27623859
104843759 661164875 431229698
104843759 661164870 391299731
104843759 984896587 743562881
104843759 661164872 811585987
104843759 787313451 625396526
104843759 801344459 973575476
104843759 26046455 126514911
104843759 661164871 958302826
104843759 385540445 81872286
104843759 414013547 223363797
104843759 710704759 464531376
104843759 407042064 608165090
104843759 368309877 857410452
104843759 661164872 461950694
104843759 175454386 341804814
104843759 66152002 209849341
104843759 661164870 871181772
104843759 697009794 240709366
104843759 661164873 144243107
104843759 661164872 804626619
104843759 66152001 237403398
104843759 661164874 221731652
104843759 661164873 37396532
104843759 175454384 391654382
104843759 368309879 505227991
104843759 661164873 464791477
104843759 661164872 984524558
104843759 661164871 91096147
104843759 661164875 274328810
104843759 661164873 117323633
104843759 723060467 243637321
104843759 175652262 925078330
104843759 661164872 942871192
104843759 269297456 437126767
104843759 661164875 799130225
104843759 207273936 530271886
104843759 661164871 935471548
104843759 661164872 858765205
104843759 66152002 710983083
104843759 661164872 729119241
104843759 38080254 288917831
104843759 909867061 784387955
104843759 197661890 985021330
104843759 978630803 164038701
104843759 661164871 244934895
104843759 661164876 562421267
104843759 661164871 482120591
104843759 661164874 791125609
104843759 608531336 413370824
104843759 979739916 883188960
104843759 407042062 67115575
104843759 710704756 633523343
104843759 66152004 346195517
104843759 661164872 157612663
104843759 984896588 259857192
104843759 921935304 376321970
104843759 661164873 467929125
104843759 661164874 32516550
104843759 984896587 405097687
104843759 661164874 592764645
104843759 661164871 236862774
104843759 697009793 360034872
104843759 368309879 219139879
104843759 661164875 513881962
104843759 310648920 494307909
104843759 757189461 979653005
104843759 661164872 422810805
104843759 811981196 17795255
104843759 661164870 510106888
104843759 710704756 371070284
104843759 661164872 399485919
104843759 661164871 353662056
104843759 661164876 892235832
104843759 661164873 359992858
104843759 19775326 708526595
104843759 661164877 816868137
104843759 661164874 396711208
104843759 666097429 117829031
104843759 133901429 40288022
104843759 661164873 480085508
104843759 661164870 286882334
104843759 661164873 414626988
104843759 796806687 715121737
104843759 631630120 205398001
104843759 661164872 809536903
104843759 925878199 487551721
104843759 66152002 45856982
104843759 571720595 453434430
104843759 148540822 200665138
104843759 661164873 95027865
