489057280
1598976824
4717687560
5564708932
6203619184
9169361348
9658843984
10800068772
12279244816
12510614014
15734609006
18675792666
19621206866
21670355694
23183257562
24633595230
27097903298
30418856974
30639765882
30720412822
33724770618
33852778412
34606745976
34743653620
36195277248
36363157428
36449380940
36577203338
40021212268
42426628954
43600181436
46774755048
49202619064
49572602116
50285589192
50743347988
52225056220
53934547932
54144464540
54424896308
55474392788
56801312004
56888575844
60797373176
61933109518
65244077670
66523820340
69665926132
70951269780
71007058584
73146645876
76524638036
77942987328
80776229988
82486299600
82780572516
83390724596
85698479000
86930308384
88673184240
89136641668
92032324140
93658287700
94036184968
94833583352
96290532832
100042710420
103104127464
104501117644
106637365840
107234902248
110465527372
114406832120
116493831328
117542802472
117874644664
120201801348
119530370740
121963906108
124082533924
127497300244
128754613506
130413298660
130413298660
132411950268
132793220744
134162558180
136360848888
140129250846
140568272038
141556282278
144089481582
143634330032
146990322408
149703484680
149703484680
153095247648
155254636262
158401920178
157575068316
157864161964
157864161964
159893285216
161592544684
161592544684
164454809494
164659163232
166134916456
167421072344
171055149424
173588949616
176300609552
178507253496
180397426012
181369361052
181369361052
182683069182
183750224738
184997595312
185341685652
185341685652
184591071374
186506972498
186800123818
189683475526
192409740010
193784511022
197112686706
197737465082
199233066222
200193638248
204122691896
204507694392
205236806000
208218533880
208538405542
210348474692
211457284224
211986042240
212420688536
215608716368
218090289000
219820238712
221709204546
225465413750
225869770474
227703302024
228449674294
228552977106
228550039880
231191056736
234016034364
234363218722
235886382778
237286450634
238586335910
238586335910
240854841954
241642738868
245021868412
247977545444
248446929264
250136633950
251227818514
251984753278
251984753278
252714442674
254008624838
255396590534
255705585974
259170805682
258604885994
257999264640
257999264640
258036292580
258036292580
258221956200
260899905424
263975568036
265451798768
267446646078
269941352554
270325579436
271565897244
274486349324
274720610178
275614208286
276805118112
278925308344
279122057846
279410803746
282327061966
285672562498
286878476570
288076344142
289274175390
291710322142
295157765210
297959454350
300150588648
302235652422
305275372530
305392241130
308511231282
309054357058
310820589080
312540823148
313364680390
316667289194
319739903722
322813556786
324075495044
326961350748
330668049116
332349173364
332887442316
335645896752
338573912496
338203929444
338828263856
342487479180
344760651052
345279019200
346577982510
349145342486
352578065082
354128907988
357767510780
358625009956
361226262078
363666044618
366737946162
367768095414
369407346242
369445665740
369830792832
370491751416
373240546800
375485898732
378194120360
379224280800
380060513828
380316975036
384061147624
385008511006
384535803906
386124735158
386675043734
389265619714
390669888106
390779940314
392743230842
393918499682
396831665028
396032354174
397071754966
398094915060
398950420020
400063902252
400364917760
399949865384
401619378340
404219831764
406000547668
406863963184
407179322738
408637473874
409571579156
412454304856
415509439772
419232940168
418536853402
421768895406
422122938080
422694327682
424533154266
426461763724
429817153064
430065703422
433353807142
433353807142
436983884630
437610570858
437713011194
437740492434
441622561594
441962629378
442897359198
443106653702
445986176782
445986176782
448740192830
450224753856
449877929604
450836080828
450989562200
450989562200
454047730688
455327326788
456186815052
459783687296
463552617936
463411719532
465684469734
467477022570
469606347250
469554695844
469919728098
471904389438
471185820134
472039495054
475182763942
475279353442
476006798932
478555927888
480500442608
483418063058
485493966478
487291900842
488498876404
489827603452
490289844574
490756574618
493380304434
493701647152
494919909908
497515349180
501303392702
502323595470
504194198082
505257609282
508183535726
508935644366
509773491044
511688570484
514154244984
513545633680
516187649786
518020825870
518320287206
519288534706
520256534532
523948549628
523332634936
527247671968
528163369818
528872542742
529295635800
529295635800
531751930104
531903183240
534286713332
534651485668
536741127560
537355512808
539182460104
540845542112
543215556762
543215556762
545815243014
549110170546
549110170546
551618831978
551099131582
552359963102
554394368676
554768867566
555340993486
556020424102
558452943642
560941372886
560941372886
560971542646
564898996166
565842103122
566749061454
568051660542
569251591794
570783876178
571885493724
574699445880
576601320476
576601320476
578889847238
579754396608
581074628924
582713155268
584964436900
585501938434
588204552338
589444735518
592185644654
594610930006
596416330620
596862515530
600014825586
601386597946
605049312278
605085112132
606361199616
606431915556
607924297162
608031925804
608169244244
609161575806
612981640010
613858688402
615838784184
617037920482
620373099706
623981257830
626093806956
626839835576
629145506852
631707020044
631957323376
632096818792
634232022234
635848447786
635772702810
635872913740
638613086992
639726289108
642437930636
645658257136
649404664816
652701912976
655605512832
654457191290
656864013402
657036187898
659450562850
659743522674
663354505798
665606347170
667858465496
668581964388
671977290776
672859459836
672881638598
673955785618
675867511354
675736290652
678794228832
681746816800
682002698460
683713228172
683909482764
683909482764
684188286988
684188286988
687439638896
689426365880
692506659266
693982800802
694132742476
694132742476
696024520584
699612926548
699728742304
700157513914
700348228846
704276048974
704614777762
707171517734
707501726324
708782912444
711371762200
713123327456
714071705802
715128520968
717296063128
717698064496
716743742278
715792804980
716761955838
717623211594
717928695394
718695815842
720000589056
720252726392
721022354378
721022354378
721373699652
723875268636
726319818204
726319818204
728592868428
730089009770
730955470798
732676094526
735085497394
738023188374
739601887002
741417554302
742732675702
744819819422
748001636166
748145601518
749662963914
749981796198
750894195078
750894195078
754215976922
755461394686
758990221978
760420153862
764213350434
767548309182
768460619444
769521059846
770657810614
771504860706
774289237186
776144364018
777009104022
779663115678
779148035458
779706190178
780375278148
781983453764
782453022022
784511185474
786798758700
788616192032
792442579468
792025242828
792025242828
791297797338
792677556538
794633581350
794907318760
796385544772
796911944488
797943627300
799640492390
800711687990
802173177496
802173177496
803478587818
806632171506
806831116518
807955514268
809335527276
809825844166
809825844166
809261407194
810094154082
810866697010
812232756882
812868122422
816213293042
817586132294
818423819664
818490661444
820602670488
822172572092
825528591142
829192232986
830729741670
832881644940
833727524344
833727524344
834520707994
834578318944
834580629410
836215959294
838129940366
838222412744
838285338138
838806886748
839252008866
840005222458
840554919494
841786717170
844070067806
845159238416
845669339596
846946556184
849263276926
849918112914
852530524956
852530524956
853008026380
856581498088
856581498088
859555191904
860201377652
862976010372
862354910268
866163085000
867692078408
869266846644
869876189330
871754804938
873050227988
873774970392
875248171498
874870274230
877936276514
880287992706
880334852282
881050493498
883866250200
885976860824
888353158608
889493029062
891624329646
893305872110
895870049266
896774400014
897408952138
898746331196
899418991922
901264358992
904498805836
905214710504
905465507050
905955092766
905972089486
906927612320
907537437690
909635240246
910612133460
911307205062
914598143150
916203077452
916560251816
918330073330
919462555160
922256777028
922899057988
924682046620
925215628776
928306779860
930085328150
931080594610
931684663490
931888933648
931888933648
933603668812
935161092896
935026048420
935767357074
938563037310
939194419892
938014155150
940257432686
941903135590
941903135590
944974905786
945233854346
945267986684
948392229120
949819803740
950064083176
952877184008
953018337768
956113858268
959273214320
959628238532
959956759238
960507561586
960179040880
963000366568
966781140248
968373713488
970415744204
974159006788
974727277196
976683921896
978280028832
982146702664
983963805138
984630663124
987083471896
987105197008
988252501040
988993066918
990268923050
990733639066
990982635922
991643108698
994038522870
994801879254
995353276710
996033265714
997602959298
1001371183842
1001692404262
1003410144266
1005846723002
1009692414214
1011250257194
1012073863314
1013787481730
1013921221414
1016920916456
1016977276856
1017744074258
1017999928910
1018975025290
1020473643134
1021138628418
1024046970732
1025911279504
1028237833256
1028237833256
1030724749376
1031455866994
1034313513760
1034937842136
1034965741604
1036439857204
1039792410256
1040779950438
1042045117728
1043114173344
1043215306568
1043524614534
1044332475892
1045860127316
1047827150664
1050367133224
1054056881428
1055997436368
1059626303476
1061310834090
1065172967494
1066548534538
1069863920982
1069420239638
1073088399986
1076787252470
1077479155992
1079344804872
1080011522214
1080265659566
1081707323058
1083488548924
1083488548924
1086234322008
1086899903048
1088309040870
1088309040870
1088954167002
1090145456628
1091454604966
1094526942850
1096194599004
1098188787116
1098257923896
1097908841166
1097908841166
1097950885662
1098353461542
1100226126462
1103173250658
1107108807882
1109613312374
1109613312374
1110406347374
1110413261264
1113742574260
1114634742372
1115741663556
1117164213292
1119837074480
1121010899852
1124196709328
1125475033384
1125587729906
1127009850276
1129317667268
1129647571100
1132821772468
1133174854920
1133400250656
1136013531736
1136013531736
1137231171438
1137605176162
1137752282888
1139725445572
1140144959732
1142740772694
1143851290802
1147140744334
1147954162374
1149725588660
1149737458372
1150840776808
1151863549648
1151994960842
1152827301786
1153005509378
1155371943358
1156676707406
1157786575078
1159415880578
