800
319953892 549228152 122264320
319953892 549228151 338612046
193187624 420966108 779677684
319953891 549228153 211755343
319953891 549228151 319455126
684999149 241365043 741435541
319953890 549228154 122370659
319953893 549228151 454612220
193187623 420966107 369794011
319953891 549228152 384579694
425649857 681372858 805998748
319953889 549228155 735295915
425649856 681372859 236353550
319953890 549228151 672014770
193187625 420966108 756450934
880485561 447979195 362584417
319953892 549228150 785383040
889971018 932550850 830238419
889971017 932550850 110454454
889971019 932550851 20161735
620915917 629516184 751089449
193187624 420966107 433797908
425649856 681372858 613337332
193187624 420966109 68453822
620915917 629516185 725811814
319953893 549228152 206204410
280617189 727639308 21555878
319953890 549228153 186281858
889971019 932550852 871083100
193187622 420966107 786251177
319953892 549228153 460397952
280617189 727639309 804421342
193187626 420966108 985191471
620915917 629516186 184991526
942900506 527681208 178246769
425649855 681372857 114439699
193187622 420966106 740854116
67663631 139768003 427372928
193187626 420966109 104958304
469950634 878239540 70107942
280617188 727639308 273152059
319953893 549228149 331729804
193187624 420966106 43631920
319953892 549228148 977199333
425649857 681372857 567868171
407823310 832713015 827742038
684999149 241365042 639871335
303948428 872876229 785526448
67663632 139768004 321335912
319953893 549228150 799809733
319953891 549228154 701959824
425649857 681372860 844498040
527693570 548901982 354587323
334450308 674180461 708310665
67663632 139768003 801871823
372052034 590503460 73568229
333689672 411253122 152538020
193187623 420966105 576938601
334450309 674180460 307957346
193187626 420966107 871437928
533085934 110940557 115864357
425649858 681372856 723920618
527693571 548901983 406490890
620915916 629516185 188948634
193187623 420966108 768493203
334450309 674180462 364237370
317019278 205992619 938044397
648095363 465717099 765354261
319953888 549228156 349247545
469950633 878239540 569116020
880485561 447979196 298768204
193187627 420966109 860135433
319953891 549228149 985326187
303948428 872876230 914513026
684999150 241365041 262242786
193187621 420966107 165921096
321730393 572508072 581789171
319953892 549228149 167857652
758762956 405586125 608383842
317019277 205992620 529656954
458305567 735530600 853691580
321730393 572508071 605222901
942900506 527681207 503794673
67663631 139768004 131784592
889971020 932550852 935204452
889971018 932550853 95317619
333689671 411253122 418603369
317019279 205992618 549572677
372052033 590503460 978884604
280617189 727639307 120533237
425649858 681372858 494005120
280617190 727639308 644077765
319953891 549228150 877262391
67663633 139768002 838998094
319993672 210068667 678290568
319953890 549228150 159082961
198479958 46945603 847940742
319953894 549228150 939752020
502688348 495914098 786820979
193187623 420966106 510069938
587649770 549770324 72273412
193187627 420966108 756708845
336453883 725027490 507280813
193187622 420966104 424814867
425649857 681372856 1468613
425649856 681372856 716300509
527693570 548901983 431627541
358940180 729480920 368938306
425649854 681372858 321538972
692679337 78033217 908519270
889971017 932550852 633450048
825765377 17858158 677914984
425649855 681372855 551660986
336055819 761058817 472543129
333689670 411253123 242983760
425649856 681372855 314971608
527693571 548901982 708966139
620915918 629516186 359284652
303948427 872876229 623685287
198479959 46945602 86022585
333689671 411253123 216494012
425649856 681372857 818319286
372052033 590503461 957950562
425649855 681372858 582554331
971930275 957033872 720837927
469950632 878239539 681566121
319953889 549228152 343692753
425649854 681372854 832043921
358940181 729480920 312389188
319953892 549228154 955079173
321730394 572508071 480286013
845319001 803304986 982263412
372052034 590503461 266069477
425649858 681372855 364555804
632344559 340862344 745431970
942900507 527681207 159935831
502688348 495914097 845927777
319953888 549228151 277202383
193187628 420966107 132189504
319953888 549228155 566570693
880485562 447979196 946391060
207522213 973398778 620393158
889971016 932550852 749212452
198479959 46945603 939223122
160188549 78761186 939052301
336055818 761058818 101089181
971930276 957033872 818801851
889971018 932550851 393347870
334450308 674180459 25825703
425649857 681372855 138774445
979343603 415598132 660254214
845319000 803304985 706244407
527693571 548901981 173592179
128862265 67055419 380791014
193187628 420966110 350016964
67663631 139768002 538657783
845319001 803304985 519019637
280617190 727639310 567126511
425649856 681372860 630302007
469950635 878239540 879836357
193187625 420966110 738919258
425649859 681372856 234691910
527693571 548901980 509222261
319953887 549228155 545592282
587269720 865817243 189233691
317019278 205992618 231448028
317019279 205992620 182422349
354864805 834829356 323545541
362684570 66384834 346991424
319953890 549228156 77248860
511585763 247889191 866304927
193187625 420966107 282959844
67663632 139768002 302810677
845319000 803304986 7730730
971930277 957033872 18513970
319953891 549228148 520077006
620915916 629516186 233385985
280617191 727639311 669487306
469950634 878239541 803969624
67663634 139768003 369057683
648095363 465717100 881388958
845318999 803304986 627541984
319953893 549228154 192113441
979343602 415598133 310079452
620915918 629516187 909755346
527693572 548901982 117130427
684999148 241365042 446799054
193187623 420966109 663908735
848628144 659292862 530047558
648095362 465717099 98374751
569000533 547522066 72186475
425649853 681372858 889834041
112162035 29026740 836375133
358940180 729480919 485947671
67663633 139768001 598933786
710221601 781615956 299457812
673953365 845588906 609036688
256485432 486063610 861860767
800453466 336364757 700422285
336055820 761058817 784055139
321730392 572508071 823877394
27042503 226797532 759930027
800453465 336364756 29217150
527693572 548901981 925108841
502688348 495914096 271562888
321730394 572508070 681701012
974275777 955730971 430058517
198479958 46945602 497951206
38801255 398546881 825652201
620915917 629516188 768153632
193187625 420966106 931709148
587269721 865817243 410101410
620915916 629516183 721463926
221075719 970136526 926674592
207522212 973398777 420281062
889971016 932550853 269134476
800453464 336364755 689613609
974275778 955730972 732003936
620915917 629516187 496147279
311231295 796460567 156083603
848628145 659292861 914803831
358940179 729480921 568292968
336055821 761058817 259184074
425649854 681372857 542730163
494602711 570794477 641839994
771021406 537962027 858180649
303948427 872876228 699553370
315590482 975467148 909650698
317019279 205992617 428749588
372052034 590503459 687097145
971930277 957033873 619202620
67663632 139768005 928643342
317019278 205992617 587636121
587269721 865817242 614863412
684999150 241365043 19159749
372052035 590503459 192563546
358940178 729480920 165239646
845318999 803304984 687198846
672292810 695310914 561337983
425649852 681372857 677055407
665785749 664195745 257540110
942900507 527681208 378149557
425649855 681372856 755315899
469950633 878239538 936043147
317019278 205992616 473681691
425649857 681372859 509541819
833821777 251004095 397232813
502688347 495914098 275154288
280060764 529861534 647643995
373737707 124633847 351067098
974275779 955730973 27513052
949607343 506997643 490822632
974275779 955730972 615147472
942900508 527681207 808259252
889971018 932550852 722460110
372052033 590503458 259850198
942900509 527681207 511580047
673953365 845588905 427752480
678166373 96987371 278370558
889971017 932550851 643880063
319953890 549228152 103763094
407823311 832713015 831249258
684999147 241365042 873512883
317019277 205992618 560902990
193187627 420966106 215853879
469950632 878239538 839245898
971930277 957033871 373794769
193187626 420966110 572010945
316064319 419508895 720681425
193187627 420966111 763783729
729242404 299263633 930875099
193187627 420966107 625342009
778753098 798146244 808010501
317019277 205992617 662780224
315590483 975467148 285694801
280617190 727639307 842012147
587269719 865817243 576769210
469310851 286854939 838847335
587269720 865817244 124275179
4005480 381918993 822025930
67663632 139768001 115501668
673953366 845588907 907519372
358940180 729480921 625287194
198479958 46945604 51220168
68665909 805219382 6870310
193187620 420966108 970517290
825765378 17858159 85016946
319953894 549228151 921977130
314592034 163338161 52323626
282475615 133519167 719880770
942900508 527681208 331045393
673953366 845588905 902380252
425649858 681372859 872913726
193187625 420966109 650395452
282475616 133519168 239537806
319993673 210068666 38370343
620915918 629516188 355961183
320270196 483471020 764542122
473240156 13311312 319899025
334450307 674180462 214872066
430084518 644316672 899218061
407823309 832713016 942232660
845318999 803304985 70449202
620915918 629516184 943732275
949607344 506997644 448138209
710221601 781615955 682060076
334450308 674180460 273812796
198479959 46945601 134269356
713148037 358055099 496165335
620915918 629516185 712687494
321730392 572508073 213418730
771971804 836405044 785817222
587269721 865817245 24147375
193187622 420966109 363722745
358940177 729480919 637282239
889971019 932550850 911328757
336055817 761058818 779949703
776273156 540641541 518975855
824858903 874450207 449483591
407823311 832713016 603487781
982586493 19531283 332181762
494602710 570794477 231120561
327775266 121390921 116682511
495598876 386788680 655932454
425649855 681372854 712332345
334450306 674180461 304565689
972968375 370186133 648859818
684999150 241365044 956590755
384334232 192981119 255050692
845318998 803304985 502875254
527693570 548901981 529942551
665785750 664195744 731481611
334450310 674180460 342005833
845319002 803304985 418923339
495598877 386788680 806736087
193187621 420966110 616418625
673953366 845588906 304305652
527693569 548901982 837797688
771971803 836405045 458294021
469310850 286854939 149730668
889971017 932550854 242061875
672292809 695310914 483999913
478840821 821310785 923003774
334450309 674180461 348861359
726021320 112145469 978759258
303948429 872876229 457848925
645094935 670243331 177293231
334450307 674180459 118686116
319953889 549228153 45462457
974113517 565755581 614073576
215767774 949917763 37813284
833821776 251004096 595882523
979343601 415598132 91193084
425649860 681372855 522410473
771971804 836405043 307192624
771971803 836405043 610333136
628194697 810483657 415770502
665785751 664195744 958244468
280617190 727639311 273103514
317019277 205992615 649921563
942900505 527681209 823731883
620915917 629516183 248701203
935175927 213730981 627165358
372052033 590503459 618650842
251578638 256538298 315207880
336055820 761058816 900628963
942900506 527681209 365496214
372052034 590503458 545913158
527693572 548901979 169857654
800453467 336364756 608129885
735373564 229660524 622107311
942900507 527681209 249564471
27042503 226797533 15084880
156404258 799793379 981863380
321730391 572508070 235776739
68665909 805219383 230174738
336055821 761058818 455241809
586949647 291306383 299982813
587649769 549770324 419207802
67663631 139768001 602484112
924162931 66727770 703488039
469950635 878239542 475468649
845319000 803304984 271602181
469950636 878239542 809866015
469950631 878239539 432274685
336055822 761058816 330058079
942900505 527681208 910620912
800453465 336364754 562820408
710221602 781615956 268750767
85633879 424124182 675653476
321730390 572508071 310045795
689483262 738077754 685227284
425649859 681372857 723667293
425649856 681372854 965002130
319953889 549228156 649588860
193187622 420966111 788077514
508344304 818998673 342943090
116599903 785506180 915678583
880485561 447979194 17899927
833821777 251004097 319021871
620915917 629516189 35357970
824858903 874450208 597837197
502688347 495914099 53814321
648095363 465717098 68659220
319953894 549228149 827895585
193187621 420966103 955016051
193187620 420966106 219262098
116599903 785506181 952863237
889971018 932550849 599568149
826889963 835802044 833794806
334450306 674180463 902039531
193187627 420966112 910029146
635021194 312840490 186507155
111271494 486438549 576417819
552756703 404605590 640378298
971930278 957033870 62575833
469950635 878239539 69747708
665785750 664195743 899541666
771021405 537962026 404106388
319953890 549228155 37872488
314592034 163338162 50105465
527693569 548901984 685043313
67663633 139768004 438968485
771021404 537962026 879963576
729674172 968088601 805081625
13604590 789194966 936601920
155203231 478979189 824312040
680294268 905551856 725899964
193187627 420966110 985893150
971930277 957033874 911306838
779914115 271482840 43043624
336055821 761058815 603593738
837598780 602554704 73239956
100768065 206782565 902745781
425649859 681372854 562960343
713148037 358055098 811112249
974275780 955730974 180874723
325923628 505772914 848831597
703388898 350457105 220542265
889971016 932550850 11089381
407823311 832713014 537073510
665785751 664195745 955862868
889971017 932550853 540903619
438556792 446695208 764484545
778753099 798146243 738146992
684999148 241365043 574739884
112162034 29026739 427632428
68665908 805219382 52498803
469950634 878239542 186763517
824858904 874450208 139402112
971930276 957033873 537652379
972968376 370186134 812837977
919722667 201646184 496681746
645094936 670243331 858719962
425649853 681372855 369035384
587269719 865817244 199246016
334450309 674180459 20235000
373342660 732702689 472944527
942900510 527681208 897101491
320270197 483471019 28953939
972968375 370186134 838041800
317019277 205992616 940870472
156404257 799793380 981955032
317019276 205992616 169364394
587649770 549770325 675321699
972968376 370186133 813401045
68108422 794194194 320296530
37870626 897322843 647212439
193187628 420966105 437891314
713148037 358055100 474189173
425649859 681372858 873039998
779914116 271482839 541885540
407823310 832713017 100500342
336055821 761058816 715674782
469950635 878239541 580681421
193187622 420966112 484575429
280617188 727639307 412156587
771021405 537962025 152741900
280617189 727639312 191780112
425649857 681372854 791161052
16567409 979559797 63034334
587649769 549770325 739671747
319953894 549228152 181112398
845318999 803304983 175672637
169005927 481031969 625392246
372052035 590503457 611137392
280617188 727639309 110554444
511585764 247889190 568262556
824858903 874450206 598777131
334450310 674180462 398733942
824858905 874450209 430155932
800453463 336364754 602350717
800453462 336364753 734422745
228711919 715804324 394674657
658733624 932981168 453916825
468438311 486281039 328780350
552756704 404605591 521785930
319953886 549228156 795454186
67663634 139768001 71982676
319953895 549228148 379340599
544944789 855363458 79708071
13604589 789194967 228099720
334450307 674180460 95677986
321730393 572508069 830445461
761517940 944550615 311354441
508344305 818998674 882206823
982586494 19531282 357482971
443974680 111597841 948299143
700152048 539327613 833739687
974275777 955730970 443106824
511585763 247889190 982393842
67663630 139768000 284187692
340103160 646219782 211762523
25248212 328131407 696094120
689483263 738077755 463781708
558040618 176938183 216185001
620915919 629516186 843145240
665785750 664195745 426263994
705256745 776895550 139538680
824858902 874450207 334543985
872577121 253881162 402043904
156404256 799793380 234784129
314592035 163338161 540702676
713148038 358055099 819975974
558040619 176938184 454358333
321730394 572508068 956596859
321730392 572508072 586539581
193187621 420966111 192837698
193187622 420966110 604792098
845318997 803304985 596377427
280617192 727639311 823749856
67663630 139768003 136868705
309241709 773769069 369556503
438556792 446695207 263199858
587649770 549770326 515841406
156404255 799793380 541608337
225824632 152059066 267798900
193187622 420966113 607660091
317019278 205992615 24325843
193187627 420966113 652705161
705256746 776895550 858165262
193187626 420966111 671483451
336055822 761058815 747925346
468975793 134349998 345003252
425649852 681372856 245158445
845318998 803304986 148864105
334450310 674180461 282218486
38801255 398546882 416373444
354864806 834829357 193135732
191754883 599971979 341514968
661860308 540174442 158841385
742941937 693394426 836292655
256485433 486063609 343209813
949607342 506997643 418843685
684999149 241365041 295663676
620915916 629516187 892768893
143946256 380129278 392475401
645094934 670243331 927651378
870871420 667492994 915910461
684999150 241365040 515498564
473240155 13311312 697925330
645094933 670243330 211469851
665785751 664195743 223736229
333689671 411253121 396591825
684999147 241365043 603545359
942900505 527681210 1155233
319953885 549228156 806559564
68665907 805219383 478495268
845318997 803304986 195100294
193187619 420966106 31462697
407823310 832713014 797847815
280617192 727639310 222561059
275009578 846195332 188303398
120964138 591065137 137424259
502688348 495914099 669713159
639970484 906416609 570837659
193187619 420966105 288024001
587269722 865817243 255050590
527693568 548901983 319304147
972968377 370186134 985599174
469950634 878239539 233636822
502688346 495914099 680010171
333689672 411253123 65817891
780893226 505268243 119375356
259509721 118177159 893367927
303948428 872876228 114036135
824858901 874450206 743423454
502688346 495914100 323092874
147034041 131572550 693658180
334450307 674180461 216384001
815650330 398379421 952043683
392578728 749673005 382248352
148937801 738643841 393692059
319953894 549228148 684011942
527693569 548901980 469653902
425649855 681372859 733309703
430084517 644316672 362371202
280617190 727639306 736600553
620915916 629516184 562873486
100768066 206782564 766500571
845319001 803304984 983239957
845318997 803304987 23429788
193187621 420966108 523741704
354864805 834829355 865711946
713148039 358055098 527652656
354864805 834829358 594074446
645094936 670243332 569935227
710221603 781615955 532825146
939907406 668838598 420385616
354864804 834829359 641044289
527693570 548901984 784423114
280617187 727639309 213915253
425649860 681372858 668689529
569000533 547522065 204258419
527693571 548901979 800881725
707446692 109020006 808611711
319953884 549228157 178976167
280617193 727639310 125398273
198479959 46945605 122396429
14632649 307823654 4249180
193187621 420966102 477761417
870871419 667492994 304912685
952884957 106806894 524450639
972968375 370186135 488446607
148937801 738643840 347535801
776273157 540641540 822734522
319993673 210068665 420418747
324889899 16353393 89293591
336453883 725027491 696095785
974275778 955730973 593753967
80812952 888434025 698555467
974275776 955730971 321140480
106039450 48977722 445747158
112162035 29026739 694423506
810683058 690683228 772787771
729674173 968088601 847177885
38801254 398546881 497633230
527693570 548901978 151017220
316064320 419508895 102135079
469950636 878239541 467043636
771021407 537962026 428683791
924162930 66727769 389356021
193187621 420966109 718180418
354864804 834829356 347099934
657911004 356512866 698920059
870871419 667492995 310301988
407823310 832713016 941597790
889971018 932550854 729509131
536956985 132253602 411425726
469950634 878239538 115518594
570823058 653194648 767942549
726021319 112145468 64737140
256485431 486063610 17066169
774085492 864368345 781060609
23545290 393908255 356893655
949607345 506997645 61069859
684999151 241365042 703275208
336453884 725027491 70576880
320270197 483471021 773880125
532768671 538450396 789839013
815505254 690599551 88756053
425649860 681372859 164260353
827994972 625164896 137700587
425649859 681372859 836903394
779914117 271482839 976274192
55734197 106397093 945193420
319953888 549228152 708590878
469950635 878239538 603140830
985011742 99172688 935815646
719337866 507354435 142067602
710221603 781615954 755573748
325923629 505772914 798053468
814415312 883641963 966668458
771971802 836405045 683422629
316064319 419508896 333428993
953584052 710741326 613202193
53123643 737779143 5431278
112162034 29026738 500642222
889971021 932550852 370282939
193187628 420966112 637928066
282475614 133519168 116179004
282475615 133519168 480215238
284819216 427926086 165118194
43247689 96918452 598853543
639970483 906416608 190839096
325923628 505772915 275698728
591711218 900953890 169997251
778753100 798146242 392423396
294989597 682405451 942056136
904649000 202590611 80305105
753069288 920281313 429435001
27042504 226797534 609144684
116599904 785506182 961422803
155203230 478979190 389460745
726021318 112145468 238270100
67663630 139768001 871740506
468975792 134349997 33434921
889971017 932550855 870954698
167121854 734318382 14090100
469950635 878239543 383398701
963802461 420468120 63963663
587649769 549770327 243774095
319953887 549228157 374654461
193187620 420966110 332492642
645094933 670243329 832820504
800648909 119026632 466077193
193187629 420966106 581638438
112162035 29026738 296977506
673953364 845588904 621729030
358940178 729480919 530798455
942900509 527681206 970201715
193187624 420966111 156082094
773212379 94700783 6974867
527693568 548901980 603355851
269622827 580929041 838138263
469950633 878239542 340266804
620915916 629516182 632583645
368718208 492919737 267263904
67663630 139767999 50566612
469950637 878239542 154653983
502688347 495914097 679084967
742941938 693394425 381912856
645094934 670243329 908166089
979343601 415598133 835631908
172945475 50605081 922437051
67663633 139768000 784605628
425649852 681372854 907216777
193187620 420966103 842265307
215477665 778166884 965533351
319953888 549228157 705842764
880485560 447979196 978230713
800453464 336364754 816472031
198479957 46945604 942650171
468975794 134349999 924713121
314592033 163338162 198028613
16567409 979559796 497929387
112162036 29026739 333358671
155203231 478979190 516529421
280060763 529861535 360415873
672292811 695310914 725975458
116599904 785506181 716316713
207950400 796611534 686443271
710221604 781615955 332790520
327775266 121390920 410625711
325923629 505772915 195920580
193187621 420966105 161281533
193187619 420966108 595644813
468975793 134349997 516506171
620353706 608196510 768084471
333689672 411253121 691478961
872577122 253881163 498547028
673953365 845588908 17284195
425649854 681372855 174541365
156404257 799793379 667246838
810683057 690683228 21022248
221075718 970136527 100643970
358940181 729480922 468166230
347050553 807780795 736781049
27042505 226797535 983889306
824858904 874450210 626126123
27042504 226797533 3669959
527693568 548901982 715821647
684999148 241365044 3456945
156404254 799793381 832328249
62557665 218811092 223042028
27042506 226797534 276730296
979302302 898170770 355637434
527693567 548901984 668215297
347050553 807780796 586912686
384682170 47542395 796452369
320270196 483471022 319581014
120964137 591065137 56348261
280617192 727639309 466810622
148400984 689842274 576954248
458305566 735530601 82475958
275009579 846195333 793550342
750322290 751213350 88270613
985261493 940149629 56348934
282475616 133519169 773089173
587269720 865817242 159099241
705256746 776895549 608819851
655562669 629995557 93501181
771971805 836405043 73553363
85633878 424124181 493290671
645094932 670243329 209757080
319953889 549228150 728494721
128862266 67055418 277629527
809275512 21643956 822363383
692679337 78033218 406709020
67663630 139768004 577183220
280060762 529861536 2967428
800453462 336364754 944216340
315590481 975467148 511386420
256485433 486063608 65705597
729253670 204126745 208085236
623559076 221473101 44551898
891286211 634597456 591608495
591594275 564189781 326191012
34123135 108303736 277466918
558040617 176938182 407326375
