70
936690836 752149554 808566296
615911826 20747692 586750967
595577344 242300676 150443558
472614354 457355348 23268837
822752462 19871804 -225941897
471939582 79064684 478391600
946224413 772375649 126853335
773213973 570515493 -390543989
617460753 626848908 87949894
904612328 15287122 -208480921
592283645 808059278 926797067
626299289 514450733 912508648
68997907 156627209 -234655796
345402886 704315921 -276857090
778340794 50345285 601803623
636370488 387516086 342375118
424327441 264240318 350061736
419570066 405835247 -631084939
255198225 681617840 -520705780
796403477 513361374 247861466
504026844 730972284 835905193
599986512 420864019 566064542
739863019 312589994 -104879916
287323143 193241826 -495483061
485941111 285660644 -624290179
479931559 5843583 869440964
800363438 500063084 -162028704
53172026 193408155 -727869258
122569485 679212108 942611100
970882589 801153825 997710519
424684611 844373435 -207708235
940132874 322676893 407236921
555403518 641633752 541929934
526059627 363489035 966317885
137777898 13642211 -154849960
82046913 319070160 -398247568
268392477 357639694 611547031
936589336 434176510 82908665
921585079 514629659 -86177899
230022638 802757372 766138567
289479874 607670982 -652575359
93359486 816401047 -626204743
611289366 242999433 -199830932
83182521 343537447 914411630
667464548 630897967 -271835737
759329214 301118112 -446431557
79991263 26619822 -712120221
381139937 717203564 -457593191
486623585 365869502 890188820
902122502 236942841 -267442041
945785799 473066511 881749612
278500042 258677398 164706454
178159028 383256240 20827549
972160223 938759615 453630876
662113901 547625538 492484632
217713741 978050364 -842388821
957988754 20926372 -517661596
456429523 392519675 404162838
293823834 956770151 389687082
972767846 904136443 152364449
705815451 165951002 995449384
939350538 814434631 905884249
318927263 678042918 965665331
824205659 228919695 -26330116
800853334 655227975 -296641798
299623324 357330431 -287607577
759223263 637187266 -232142242
532262484 904396028 162287097
836022978 453476804 -254663252
824017667 210444549 858234887
