5000
896 624
3664 1424
2401 4084
1615 1256
4932 3432
1197 4455
3573 403
210 1505
2402 4096
17 1193
1653 503
4165 1605
1499 2274
3777 1898
3704 928
1655 3143
2935 3668
1577 2456
376 4225
2677 398
4165 1731
3829 4032
2456 3620
588 4221
2513 2688
3603 4776
3746 2464
4276 943
3838 2137
3229 4919
3806 3314
120 4889
4710 497
3635 3470
3766 3191
2612 3186
574 3395
1413 2571
4566 1348
2792 4254
494 4035
4409 4268
2490 539
361 592
3547 2882
1738 2092
2617 4167
3294 1428
893 2599
3446 602
2368 4388
4440 1015
1756 3793
1893 4975
3203 4265
1158 194
1475 2954
756 3505
3347 1080
3481 1071
2148 1698
4176 661
946 2660
3477 4140
2431 2845
4063 4856
2844 3545
2570 1427
4853 2849
2782 105
1285 3518
3506 1036
1868 1327
2461 3177
4189 1117
3308 3364
4224 790
4110 1759
1058 1565
211 942
4652 1444
3265 2747
613 2606
875 2458
4628 1245
4841 3375
4862 2681
15 2924
3053 1466
4242 3644
3802 152
338 4686
2986 4140
1604 1034
4631 2789
1478 283
2117 722
73 1632
3120 3933
3755 3633
1690 890
1663 988
1487 2418
4599 3274
3041 667
1215 4723
1285 3044
568 1721
3192 2285
2193 1003
1560 1501
3603 3642
4950 3404
4458 702
4177 919
3543 4730
4990 3269
4052 4074
57 721
3283 4166
2163 2033
1088 1975
1089 4105
3349 2212
2213 4079
228 2082
4867 2559
2403 1743
1355 4430
808 1155
1890 364
1478 973
4969 3374
2570 4472
364 2217
230 3194
4171 3875
199 422
3209 70
4838 873
126 2411
4761 1774
3575 1471
2036 129
4307 2424
3741 1500
1432 241
2317 2429
916 4697
4980 810
1316 4595
4603 522
1756 920
2565 2215
26 532
1458 4660
354 3733
1447 1787
2726 4971
4319 3081
4944 2902
509 4500
2640 524
3034 876
923 3313
1867 2722
3027 3213
4712 404
3824 2290
4480 166
13 3094
3271 3143
2576 1609
3217 722
3320 3013
4954 2777
4189 4807
81 3364
130 2236
3318 992
3124 3465
1004 2013
506 2954
1094 4336
518 2690
4672 3446
4441 401
2976 2621
4649 1613
2631 2403
3542 1795
3458 2266
2743 3364
1625 3071
2815 3327
3328 3510
2106 4570
4975 3406
2442 4207
1084 4057
2931 4016
1827 2480
4958 4719
480 4313
1071 655
4738 3380
2109 2982
1798 3696
3341 1224
1541 3982
3279 3403
3920 2102
1862 3765
4743 1440
3419 911
4110 1479
4270 419
1561 1080
4619 3348
2949 3030
3039 2861
883 2849
1263 245
2567 131
3093 326
2794 4575
1196 3707
3125 292
1060 4582
4478 4846
97 351
234 1841
183 3441
1233 675
3413 461
2862 59
2214 4448
3201 3836
4846 3679
2710 3167
4487 3658
2627 4642
3168 1937
4565 2005
4893 4466
3674 3638
3855 4645
3869 3018
4381 2752
2210 4305
2884 2272
2289 456
1685 4855
688 4212
841 4042
304 1559
2156 2703
2474 2530
2890 1408
3776 286
4140 1434
736 3490
2378 4413
2627 914
270 4824
3748 4358
1383 2447
2361 4684
405 148
731 1762
2026 260
996 3175
4759 2525
4677 2048
2274 4897
486 1910
2232 1190
2789 4805
4864 399
4048 3854
60 721
3735 859
52 1751
75 2740
441 655
1584 2251
3093 2285
1720 22
1998 910
2770 4499
2703 832
4536 1049
3075 4279
4540 2941
3267 4636
95 1377
4264 2516
812 1073
3904 3176
4785 3780
742 2048
3522 4671
23 4820
4425 4548
2382 3162
3018 374
2719 1468
4823 3690
3751 3521
1355 3282
4072 2104
4456 185
1240 4422
1500 4952
3973 376
4961 4428
298 1491
3120 3860
3387 199
3429 2836
3068 461
1092 1195
3798 2572
1550 3548
4440 3861
3375 2592
4618 3475
532 1771
798 209
1094 2008
4422 1053
2116 3283
1032 977
4865 700
4263 1931
2414 3543
2976 2408
472 2606
4104 803
143 4573
4825 1350
3650 1087
2737 3080
4377 3554
1261 2498
1612 918
1985 1833
427 2633
4416 3019
1875 3985
2714 2641
33 143
675 4996
1966 4537
4864 1702
792 219
1607 3410
136 1900
339 1189
4045 977
1222 1905
2039 1436
4530 500
2404 4476
1814 4768
1013 2406
3496 4373
2323 105
2526 796
1974 4390
4447 3918
329 2083
3332 2051
4130 2755
4183 1333
1038 2538
2952 1818
1446 4474
1789 3385
3338 4125
4153 1403
4192 2375
886 2294
4157 560
3610 287
2798 3424
4104 2485
2135 2403
1489 3862
4190 4667
1121 2234
3290 3418
1055 3692
1946 4477
75 811
1610 3939
874 4215
3356 2934
4703 4355
3030 4167
1658 4693
4462 801
1282 3975
2724 3251
3366 120
1635 2737
2843 3786
2879 4557
2054 1167
638 495
1401 4537
1234 682
4357 903
1386 4235
3505 616
2383 4430
433 4527
3567 3634
32 422
2141 1913
3986 1129
2638 786
290 3553
2799 1624
3524 3795
2954 1472
68 1442
4583 1478
3098 1743
3770 3837
1221 3985
1301 3263
3936 4733
2924 4841
3945 4414
1634 3833
533 3988
1064 4533
4476 3665
45 3039
4899 1492
3137 1664
2888 4848
4150 2152
3073 3551
493 3903
473 1175
3851 887
3451 3690
3709 4106
634 2938
2861 2015
1504 3262
1847 3556
3425 3974
3762 2999
207 456
2434 2936
1592 684
3281 3895
3360 1169
3443 55
2114 128
4535 4938
3564 399
4048 2639
2059 584
3326 433
3981 440
1120 1468
200 1008
2267 4289
2844 1022
3026 3663
1489 1144
2492 4959
4294 1661
1949 4185
2657 3956
3238 1016
1622 210
401 4841
2449 2392
583 4727
4893 4683
1093 4503
4990 4953
4257 2545
2949 2638
3828 2433
3812 1267
4413 2126
2994 2585
2584 4592
2066 4636
4300 719
2299 4000
1482 166
1951 468
3979 3357
3138 1860
1497 4831
514 3674
4612 3871
1172 368
946 4055
3422 251
318 572
290 327
858 821
3687 4092
2276 520
2405 3243
2002 4786
2254 1635
2713 3485
2476 3951
4704 1062
2269 3395
119 404
3300 2112
2523 3799
4544 3206
4422 1739
3758 3014
4215 4578
4247 1063
3360 2240
2968 2084
3960 198
1629 2695
2797 210
2024 1566
1503 2052
1568 3126
3172 1207
1006 1050
2927 2770
3548 3215
2038 3718
4562 3951
3537 4094
2864 1779
2663 139
1398 2667
2769 4767
663 3789
4933 1442
1391 3759
3224 2564
523 3895
4360 1735
2680 2335
4014 4420
4598 656
1780 2712
3337 2625
4076 2776
4140 4718
1627 2285
1818 3480
3450 2807
1153 1438
1139 4634
4897 3140
4658 1701
88 4911
1134 4394
861 3921
3570 1789
153 2354
1478 2354
3978 2727
593 1759
4322 4814
4326 1824
4249 2645
3883 1971
2546 2116
4275 4149
4311 1477
4642 1560
2729 842
334 3239
4189 2563
244 4153
4413 2781
3148 3319
438 3030
1323 4370
76 775
3505 2494
1768 758
4977 4851
595 2285
4117 621
4043 3638
4707 4393
1582 2429
4223 763
1101 1600
641 3133
3806 2153
276 597
2398 1855
254 1733
644 4734
1412 466
2678 610
1896 3741
2003 1611
4908 1516
3615 957
3335 4297
178 2373
2531 1605
1021 4664
3551 561
1558 3648
935 4081
3822 4588
4292 1465
3175 3171
3305 1172
4785 3113
3198 4552
154 2808
1131 4049
818 1986
3601 547
4758 3762
3776 3194
4612 1986
3997 3358
3152 2828
3399 4064
2282 1211
2442 869
4927 2747
2760 2962
1846 3794
3493 4904
4546 3959
2285 4740
4197 80
475 1348
3389 3603
2242 4164
974 1986
2709 4650
2874 4051
3061 3763
232 3943
4379 2797
4627 4965
1203 2361
125 4344
390 2262
2920 2834
3262 4683
597 3866
1784 2136
1169 857
4523 3226
3677 1412
4004 3517
3144 4492
468 2257
3886 3943
1539 2349
2697 632
2948 683
2193 2161
4085 33
1316 1594
696 3743
435 403
1264 2756
808 2132
4732 763
380 2976
2434 318
3227 4366
535 4107
2384 3394
789 3687
4940 2644
1573 3588
813 2130
1141 4631
3761 4372
3653 3692
43 3970
1135 3638
436 369
2325 3577
2584 159
3082 3687
4414 2935
3151 1725
4350 3363
1845 573
4809 2524
4234 185
2367 663
4285 1230
1484 2936
4574 2747
3111 3363
3157 2573
2143 4642
3875 698
488 4151
1867 3042
4598 1478
604 4177
275 2997
961 4324
2485 2352
3066 2077
1193 3576
4292 3484
157 1856
935 1639
4539 4254
4171 4389
3099 2326
1906 4180
1108 4622
772 535
441 183
85 2970
1433 4682
3633 933
2414 2037
3565 1516
586 3923
3370 4550
3499 4535
4723 3877
4200 4228
1549 807
4709 4465
2273 1791
721 1725
261 43
3351 2761
4065 1753
385 2241
1638 98
661 1763
2880 2361
1637 1903
4598 4574
1478 2004
2425 3272
4640 3593
2545 2897
2266 697
4083 4197
2662 608
2167 3175
4992 2731
597 487
4399 4960
2649 4959
2297 3891
4567 2081
1740 2891
548 2900
2426 1391
985 686
733 201
2875 4367
215 1145
528 4821
4172 4279
1930 233
1208 844
3924 2533
3095 876
1931 4975
1532 4797
3132 1734
4084 4466
2198 217
2863 1417
3370 1263
3031 4356
365 3933
200 869
3044 1857
3751 607
366 3419
3764 1653
3957 2591
2776 3448
387 3243
441 4617
3130 2239
852 1509
2825 2408
634 4850
1715 2830
68 77
1869 1262
4601 2594
3483 514
2974 4519
389 4081
4372 1673
2634 2850
2638 3234
1365 4618
3270 342
1911 518
4984 743
4857 3160
3892 2605
1303 2782
3995 3785
1286 3690
1332 13
4809 122
4016 2902
1309 3184
612 1347
2581 4209
3030 297
3980 2612
1133 3230
3497 4750
2367 4024
4758 4506
721 1156
3003 1925
785 1969
4308 841
1722 1218
4636 3442
663 4434
3073 2310
1337 2065
3921 879
1485 4841
3536 809
2806 2899
1912 3698
201 543
3526 4364
2086 130
1399 544
570 1556
2838 3095
1317 1383
505 2469
787 1444
2414 2551
1390 33
4697 616
2006 1535
4252 1650
946 3403
2181 2992
1763 1525
3508 4205
695 3749
3966 183
543 2355
1326 2305
2914 1017
4817 3876
1284 4240
4995 2472
1428 1452
1372 1956
3838 3160
3644 1416
543 3275
1919 2708
1074 2064
4918 932
2894 321
3361 2794
1906 1762
1304 4518
4180 362
1567 2103
3918 4925
1836 4560
1195 4202
3447 1018
2787 2806
2023 2576
2453 1636
1264 4439
1775 1137
4230 842
2190 4104
1105 4327
762 1860
2126 2164
2831 2254
3801 818
2914 1023
585 3319
320 3012
346 4269
30 3545
2633 863
4829 181
2696 1999
3255 1105
3112 78
2434 3814
3617 1403
4776 1106
1143 3953
1050 4838
3712 1879
4110 3250
2584 3785
44 4359
142 2649
1746 2422
3178 2945
2010 3810
2664 4982
2790 2668
1643 4295
3440 4768
1738 500
3845 4430
20 4401
3970 2494
3862 1201
3582 4571
3984 1399
1498 4444
4781 4836
3178 4532
3315 4093
682 772
4634 3048
3601 2892
1283 3186
3354 1191
4674 1659
4694 1079
4238 3577
2652 4237
2096 2421
134 313
4258 3305
3098 1200
2389 1303
2906 3390
620 1384
2392 228
2915 2518
1041 2547
1793 3919
894 4514
3139 2561
4280 2736
2232 215
1696 3907
4481 2026
660 2953
1519 1517
4315 721
2531 2253
1061 4301
3463 2460
1225 2600
2230 2843
3144 3633
1006 3526
4971 918
1317 2439
2870 4053
1481 4070
2367 4337
1018 2689
15 556
3371 2912
733 2
121 3446
2786 4556
4404 3655
4900 1607
1385 2004
3461 459
3156 3600
2314 3727
4967 2112
1538 947
4245 384
1928 1458
2655 3673
3751 2949
2085 1673
4331 4350
1772 3587
3473 373
4029 2851
997 2572
4872 2394
1033 968
4587 3193
140 4054
1870 4712
704 2046
2306 1278
4572 1990
1569 706
675 3318
4755 2890
3234 2973
845 3211
4787 151
743 252
1109 1594
769 4368
2061 4026
588 826
2393 2698
2266 4157
1213 3246
4776 3681
3065 3120
3917 873
2485 2348
665 4553
4855 4433
4545 3362
1263 2916
4523 4402
235 4250
2953 4739
350 4835
1419 277
3828 3234
2418 119
1415 3405
1729 126
768 3023
4165 346
1935 3160
1823 4845
3846 3792
3859 4651
2643 215
963 1027
880 218
2840 200
3370 2735
4442 147
704 3158
1430 1493
421 1253
451 737
4313 3207
243 364
646 3440
2307 4319
2913 4769
319 4897
891 388
1439 4695
2665 273
2874 265
551 2439
2798 1449
2370 2503
4099 3785
228 3543
154 1956
4885 4881
3326 1423
769 1426
1681 3276
177 1259
292 1003
592 2797
51 2760
1569 3916
521 1164
2328 2811
335 2490
4577 3108
3711 2402
3360 4654
3429 853
4129 472
4640 2436
1050 2760
185 794
4157 4578
221 2545
2005 3875
2478 3329
1406 865
2849 4257
698 2655
353 387
1113 1637
2545 2311
710 667
464 1690
3228 2006
2369 209
2244 4976
4659 2806
2854 2615
2956 1269
3382 4460
1948 1915
653 39
3049 4342
4535 1908
2229 4714
2906 2121
2190 4374
4057 2996
4485 3964
459 4227
318 3371
1529 1659
4353 395
3502 3143
2926 3616
1051 1127
1417 3088
3715 3975
3541 4719
1217 4015
4790 2799
3620 2403
1529 1332
2277 4844
976 148
2744 3844
1239 3046
274 97
2628 4557
1742 443
2298 4645
3978 3443
1538 4725
2504 214
741 750
3887 4263
469 3962
3028 1543
3480 3735
1050 152
307 249
2074 2040
3819 1585
3322 1878
4188 4599
1101 631
1384 406
909 47
725 2289
2767 420
4291 4253
536 1447
3499 4884
82 1503
1970 4340
78 2382
3007 964
3646 939
4951 3016
1387 1148
3865 4427
869 3606
2061 1228
3768 1358
3519 1143
3741 1552
2692 4826
3718 2316
4822 2223
2926 3480
1020 3894
3673 1306
68 2985
1099 4218
4373 3527
4621 696
4498 1508
2573 4141
2770 462
736 3258
2855 2218
1875 239
666 4841
4850 2284
659 2024
451 3604
3235 2870
253 1539
2088 2741
1759 3971
2579 2180
3872 1602
1160 1494
3363 4367
2709 3303
4502 2163
1968 3739
2314 1073
2244 3212
2302 4141
1725 982
964 156
4669 3589
2609 86
4685 2419
3071 2749
3643 1266
1231 4137
3626 758
4935 322
3892 4103
3237 4265
3342 1321
3252 4529
127 1123
3407 2876
3512 3743
2458 2157
2454 4413
4180 1684
114 2313
4391 3104
3948 2278
2680 3801
2949 2244
3762 1935
3680 2978
1560 4253
3946 4184
4713 2771
1050 2566
2478 4819
3368 4066
2249 4094
1338 4312
721 714
1522 78
1263 3363
1338 4791
2583 173
4102 4155
679 2541
3621 2466
4948 4253
3083 3277
2674 2035
4759 3112
827 1085
3698 4701
3692 1490
4167 371
4624 4510
2652 3248
637 2832
311 142
207 2058
2133 3474
3043 3754
2080 2906
3672 2262
4735 1620
735 2233
1361 3060
672 3827
2211 415
1869 846
1091 4612
4198 3267
3972 3648
4136 3562
4403 4362
3835 3923
4019 4611
2304 52
3067 1582
2529 501
426 2072
4671 4532
2010 3562
1054 2003
2677 486
4905 3167
3056 3136
4724 3368
3968 597
4629 2255
3256 568
4426 1257
1285 3698
753 4638
3559 3857
506 1268
3023 243
2542 2749
2620 4691
4289 1169
4501 4855
1978 4686
399 1307
735 4687
1941 3121
2937 4446
1104 47
2227 3904
3147 262
187 1276
4831 1703
3956 4116
3692 4858
4103 3914
1512 3054
3480 3317
4718 4663
4643 181
2987 4411
2109 1934
3755 2216
853 1825
384 601
1225 59
3970 2391
2470 4739
3856 3460
3152 2004
4640 1185
2792 3281
527 981
2180 3577
57 3209
1670 4166
4770 1902
1874 4323
3055 4926
650 1700
3862 229
4741 1977
364 3425
3806 3928
4665 326
2418 188
4746 1779
1505 766
2018 2378
1247 3910
275 2119
1954 1091
1838 4281
152 2108
1575 2139
3831 4825
1412 1804
3682 2133
2533 225
4920 4591
3677 2957
2219 2595
3121 3582
4989 2751
33 4177
409 291
173 4627
4946 4960
3992 890
3017 4797
2604 3756
1083 4666
3384 4794
906 3547
789 2169
897 2007
4168 727
874 3033
1772 2102
3801 441
1558 2246
1291 1860
2630 1298
1443 1667
1290 2764
519 873
4351 728
108 4028
4149 721
1883 4595
1900 1334
853 1599
2165 3278
2811 946
794 4800
4440 2573
3872 847
2648 1101
1341 1554
4048 2204
387 2740
2564 331
2138 2220
4016 3808
2978 9
2427 2270
2694 3578
4917 2468
887 4598
2244 4992
2186 1444
2538 1716
4001 2650
640 1005
18 1061
3027 2983
619 2630
4867 1232
1694 4648
3074 1091
1188 36
1216 1553
330 3442
3988 3304
2491 557
2086 1548
4652 1723
3966 872
2885 3924
1074 3821
2349 2761
3842 4287
4431 318
189 572
4485 878
1594 1674
1935 1127
2721 1877
4376 230
3149 2766
2315 4124
3292 2171
1113 1256
4584 3982
4897 57
4940 2728
2113 2707
393 1935
55 3055
2155 4054
164 2691
2300 3404
1669 2671
1066 2549
3295 2765
1596 4358
3711 3900
2291 1037
636 485
41 4419
4260 3478
4669 1148
1603 1012
3543 2493
3258 1557
1332 3505
4865 3977
2178 4492
7 4729
2308 2020
4210 3621
1483 1295
382 3564
3945 3428
1165 317
4568 2811
3013 1626
3556 1774
4741 2076
1441 3873
535 2675
3612 4344
1182 384
2211 4298
2570 2428
1981 3932
1586 4279
4123 4521
3927 2059
2299 1112
3958 2965
4788 764
4327 4259
4167 3850
3741 3188
2194 2067
2205 452
3765 2426
2436 3339
2506 1134
2024 1965
4741 3959
3833 97
2677 3393
1414 2443
1902 3611
1462 2906
1888 466
4021 4757
2452 513
2593 4193
1021 1489
3449 3214
2308 2483
3785 92
1113 1869
4953 4681
4979 1865
3282 2230
3510 3872
3874 2595
2146 2679
4988 1684
4688 1860
3228 3629
4465 4572
829 3145
3495 1378
666 1471
3955 626
3726 194
4284 220
2270 3213
2783 3669
2166 3442
2970 1545
4621 397
4470 3531
1218 1373
3162 2596
622 3494
2796 1353
4244 163
3931 3867
1658 4430
4314 1013
2243 4093
2421 1432
290 3909
618 4359
2126 2636
1797 4865
3767 2499
1993 4342
4335 4025
2561 1012
2931 2035
3356 4889
2935 3747
3069 3355
1756 4701
3796 1175
2730 143
272 569
436 3598
2677 273
3401 2065
2090 2735
4318 1127
3265 4310
510 1756
2298 4377
2691 3287
2818 2801
828 2406
451 1473
3019 4748
3483 3189
2685 1968
1249 4986
3775 387
2118 3092
4764 17
945 4928
946 3229
1343 2688
1495 1201
1729 3864
4805 1967
1390 839
3001 1956
4999 1318
3098 3515
1437 2658
2561 2255
4097 804
3173 3949
3308 1171
2283 4825
3063 4366
622 1042
818 110
922 914
152 3770
694 2507
246 1970
25 4990
4484 2060
3058 1714
2658 653
2688 849
1370 4852
155 1136
1988 4722
4325 4351
2239 3727
829 3415
4482 1086
4897 2342
2057 4514
2975 1423
1760 1270
2668 3747
1256 1980
1941 4153
3774 4180
4656 1779
4683 3320
661 1587
877 4993
4793 4465
40 4368
4292 202
2924 2521
2004 2419
2971 3602
1725 425
2484 315
1313 3613
796 4147
2907 553
1564 2662
1431 1880
59 3203
1511 3159
2137 4469
4991 2691
3493 3510
1586 1872
4966 4234
101 554
2277 4737
4878 4875
2963 784
1100 4593
2669 2789
2700 4892
826 1062
1146 1976
1571 1937
1278 1828
2872 2595
3195 3127
2459 323
2315 4430
47 4546
4173 3829
3692 2402
3959 287
1328 756
3877 565
984 1397
1917 4958
3897 4513
458 3058
1668 1801
4996 2410
2701 2277
1448 2200
1975 4061
3857 3293
4939 472
2715 1931
3420 4291
38 3827
4280 2972
3341 732
2097 2321
3738 321
928 4897
3323 663
4639 1786
4602 2008
4519 2074
827 3136
93 835
3418 8
756 3869
4838 1843
756 2439
3178 704
2625 65
3114 2595
4231 4281
1399 3095
2553 4415
4620 3813
1296 1189
2079 1440
900 3762
2358 4524
4710 283
3540 730
2607 4327
4439 1637
3247 2797
485 1363
4640 843
3636 326
4494 4470
529 563
4731 1518
3519 3315
3089 207
3928 4850
4945 2206
4093 4299
2763 2446
896 1513
1965 2686
568 2112
3543 1652
1507 1042
3745 3836
4861 2980
4319 1892
4126 4396
4747 1095
1782 2486
929 4917
3985 2432
2141 4504
3770 113
289 3885
1223 3468
1649 545
310 2380
1511 4890
2601 2874
289 1474
4109 1107
1984 105
3868 4145
988 1016
2879 1305
1389 2621
1936 1588
384 671
428 1101
3348 83
4486 4608
4580 403
1840 3259
1991 1632
2723 4126
1789 3064
1762 414
664 4379
513 4402
4822 689
37 1660
3459 790
2839 946
4679 3725
797 3820
3670 175
4329 3551
1628 2529
4882 157
2338 1426
3514 2158
1254 1461
304 4698
3651 1633
3948 877
946 4956
1645 1928
4027 908
1732 352
4720 2487
4893 4436
2680 4464
3532 2363
37 654
767 4292
3151 4903
3274 2457
1505 3800
1448 2398
1099 4519
3721 3514
4397 827
2386 3842
4258 3779
3465 3915
4317 1104
4281 582
1877 221
2577 199
4917 4958
1229 4472
681 1252
2966 3097
3505 2490
3828 2341
1636 1660
2327 2979
4676 4082
4030 4406
804 4466
4273 4262
4215 1651
4143 3570
3174 1369
1294 161
362 744
3961 2983
263 4532
734 4141
3146 1915
2361 2005
2340 4620
178 441
2812 2152
3639 2084
932 124
1568 3414
42 87
4457 2228
4526 2004
498 949
1509 1203
1249 60
2200 3302
4748 1656
4504 1049
4845 2622
2415 3687
4981 3526
2391 882
2711 1646
2625 3173
3691 2799
1068 975
4400 4610
845 1003
2653 2942
561 4232
1973 2519
2750 3774
4993 1213
1638 4064
4675 2048
3928 63
4216 3471
3362 4982
760 2514
2536 828
3862 1680
404 1066
1647 2819
2990 1304
765 1449
419 3284
2322 1580
85 235
1973 3161
4415 907
2891 3059
3935 4880
3334 2649
4797 1021
3134 2320
924 1511
1144 748
3757 3139
3282 1458
2929 476
710 3306
243 3506
1210 1889
2413 1948
2839 1895
2421 2732
2184 54
3106 1958
152 2199
2436 3776
2319 2858
3718 3633
4893 2757
4382 218
4872 2115
2387 4393
4804 962
1521 3561
1120 3242
939 4818
1717 2264
4597 2138
4840 2948
418 231
2423 4009
4056 199
4759 1082
315 1524
1250 4940
2900 2368
4189 1034
3950 1118
3319 3326
1168 2469
157 1061
2265 1528
1582 1024
2669 4258
4197 3330
2047 2777
100 4287
4683 2860
3526 4088
3057 2861
1856 2765
595 1065
2844 15
361 4974
4385 3444
3915 3631
716 2329
3670 1406
1916 4962
4255 3799
2693 2001
2638 552
3327 3880
4006 1489
2811 2436
995 222
4337 4619
3722 1207
2836 3996
3672 1560
2295 535
3182 3763
185 3828
2953 4139
4105 2494
1130 2846
943 4934
3981 4940
287 167
2822 2871
2913 3023
4842 931
1297 1339
64 882
221 2393
885 1635
4115 4233
290 242
3310 4726
3626 3408
4785 2991
2296 2838
4205 3912
1897 4430
4111 3218
1601 1455
2929 4478
2733 3440
1387 2351
2004 306
884 4883
3928 130
421 2641
235 4491
1048 3521
278 1585
3801 4866
1148 3289
260 2619
3107 1182
3321 956
1730 4266
2398 926
149 2490
3822 60
2833 545
4763 1747
535 115
3383 1316
1080 3737
4508 2652
4229 583
3403 117
4767 153
4091 2989
2436 4240
2881 2739
421 441
943 3571
1935 4488
4806 1975
4592 4673
3534 893
4544 250
4386 3729
2330 3178
120 2969
3847 3237
2216 4241
2123 4671
3324 1739
3989 2148
4709 184
3307 4714
2076 2809
4224 304
881 3523
1227 4380
1583 1796
3619 2463
3734 1799
739 303
228 4141
4243 1477
3245 4851
506 617
4220 4109
4102 2929
2414 3215
2508 4369
4895 4597
324 3691
2283 1657
4038 287
1560 4871
2279 4793
1830 2029
378 3427
850 93
2041 4658
4226 4609
4473 3630
4128 1650
4848 3185
2344 3133
3835 3925
3826 3857
1345 563
2901 3267
4489 4478
2426 3748
2642 3512
2094 1688
2366 1772
4777 3267
2473 305
2060 670
1470 2364
1060 4408
1434 1760
1050 2793
4646 1619
1668 1803
3685 1826
2932 2350
1802 10
4596 895
3478 2822
1101 3286
4640 4343
2014 3225
3844 4560
820 4387
3434 1332
4011 1679
2326 3985
1718 4896
2332 4143
2765 911
839 180
4101 1502
1731 1079
4691 983
4005 1632
2114 286
2151 3898
4570 4658
4478 4917
2045 859
2256 3008
4199 4118
3006 4604
4423 254
1332 1761
4591 475
1138 2282
3735 2604
1924 825
216 3692
3398 3850
3135 3380
2380 506
4497 4156
2019 2333
1352 3331
290 2339
4145 1840
2078 76
4018 515
4367 3170
4332 821
3549 2709
1404 2516
1296 806
4730 359
211 3905
4760 1087
1478 1417
3591 4560
2754 2395
844 2207
2907 632
4874 486
3901 3498
4261 3110
207 4564
4209 1975
4908 3018
1074 671
1608 4546
4324 1166
4577 3993
2494 2778
1441 2906
1467 1926
2414 3479
3970 4361
97 2264
3505 600
1812 1752
1736 2070
1894 2887
4193 265
3038 2948
982 2318
558 3051
4999 413
4284 3358
1625 3595
1132 934
2372 4456
528 67
2187 1149
750 2175
4360 450
2538 1982
85 1471
3568 1042
3577 885
3341 2902
3294 4020
2140 2979
2699 4270
4415 3488
2827 3652
987 1382
1169 3149
1105 2270
3785 4590
4268 144
1356 869
3574 300
57 2293
2188 96
4959 3643
2872 2898
1804 464
4820 459
132 1648
3842 4323
3923 1100
1593 1259
4270 3122
917 296
3701 432
4141 2543
3618 1129
4859 4589
1947 4273
652 4718
2569 4027
35 933
3492 750
2539 3869
3534 3724
3386 377
2914 229
1737 2917
4454 3667
3455 1735
4940 3251
1049 2281
3363 179
2624 328
75 2604
3411 2494
1713 2920
2842 4292
791 2744
4490 3764
4611 3603
4820 496
24 4865
4242 2883
4277 1088
1977 2032
2202 4436
3429 868
466 4831
618 2256
3264 1820
432 57
2331 1011
1697 2651
4967 662
740 3390
2141 1037
4726 756
4873 3293
4368 1332
1894 37
2266 1280
1844 2134
3374 403
3342 2710
558 188
1137 2138
3684 1427
3310 4023
4084 4830
3132 4080
674 2865
2789 1195
661 1968
4323 4813
11 4374
2152 3223
2818 2602
3045 4160
4015 3193
1815 2583
226 1782
3447 2044
1297 693
2848 108
4776 2835
4263 1565
2480 171
929 2909
2796 743
549 1529
402 2721
1041 594
3933 1572
1345 1415
2159 1829
3713 1062
3787 4437
1942 4620
2271 1696
4352 4708
1640 1517
4585 12
869 3901
1594 3097
1989 4191
3639 3326
4194 2558
1342 3932
2807 3234
129 1861
307 3494
1955 2265
473 3832
4108 4234
3893 3698
61 3620
4467 4957
1281 4362
3392 860
3245 2395
1909 827
2110 4709
1873 76
3823 2437
2723 817
4205 3244
970 1473
1837 2141
3220 4512
66 4505
2638 3612
4968 1119
4971 1877
3615 1630
683 3202
247 7
2165 1140
1140 4779
4915 2388
1802 1010
1826 4709
2858 562
219 1013
4898 2186
4224 4651
1333 3334
3012 3023
1232 2103
3987 2695
1454 75
3204 1816
1948 1361
2420 889
3462 267
1480 2135
4086 422
3169 326
1938 2418
4226 4027
3232 3788
4999 4219
101 383
3143 1631
2358 2556
1849 3129
4215 1147
171 114
4196 3050
1506 3719
2546 4418
3332 1531
3846 3298
2976 157
4606 4446
944 2190
4074 2558
2803 4543
3599 649
2072 4726
581 4634
52 3950
3912 3116
2568 1191
4409 2645
2360 2249
1381 1316
1696 4157
4379 104
4997 2951
223 3811
4541 4720
1725 2550
1178 3875
162 3633
2885 4398
3313 4007
4626 4489
2483 3664
4544 284
1104 4525
3509 2825
774 1427
1621 697
3264 4720
3981 103
66 386
4100 319
107 2694
195 1987
403 60
403 823
4137 2913
4253 479
2666 3720
137 3751
1746 1579
1400 3544
2017 4793
1602 2889
4822 234
1782 90
2200 4077
4947 2149
1630 777
3580 4022
990 2528
4158 1796
1207 192
1810 3089
3858 2176
619 2858
4648 2469
4605 2798
4496 2647
1404 1355
1796 3776
1194 3707
2412 1056
4085 3525
2464 2913
3340 2742
1767 2618
593 943
1295 4570
1578 799
687 2807
2221 4697
2930 705
1104 2475
4253 2305
4809 324
3842 754
4723 2076
4124 2775
2640 1285
648 2687
315 807
4090 4161
2605 4646
4426 83
826 2520
91 4478
3705 3600
590 958
3027 2847
2495 227
710 4381
2509 616
2976 3623
2850 4768
3721 4558
3933 1352
1743 106
1179 3709
3671 3716
1771 4865
982 3744
989 2483
3231 4689
2667 895
548 4863
4519 1175
1967 316
2522 837
1529 170
303 156
4253 3844
1030 4771
4208 3654
3487 1791
885 2979
1843 4987
490 915
1735 4515
3137 177
2999 4239
2407 3608
1695 437
1080 430
2441 2990
433 1352
4544 3132
1302 162
348 552
2738 2636
4691 396
2448 2182
3802 2027
3274 908
1592 4989
360 3004
4579 2091
4657 1078
4096 357
1359 1841
4438 1639
645 1378
2093 4632
504 501
4461 3022
1972 3871
4630 1993
60 1686
1332 3963
990 3982
2398 4004
453 292
4284 2805
4522 4246
2893 1813
3454 3353
2333 2149
4356 3586
3597 4419
3579 1600
3132 2009
4081 280
3061 2439
4253 256
2428 429
2312 3670
2071 2137
1181 2797
1817 2177
3828 4561
2612 4377
912 1520
4632 2438
2799 3500
1631 3299
1159 4969
334 2672
1777 4313
1166 2170
4795 2080
3222 568
4138 1169
726 840
655 1642
282 2358
4050 1196
3977 4807
1437 2923
1898 3536
1023 4290
4128 2256
472 1936
2001 2407
3714 1586
4519 1743
3344 2522
4507 3846
4615 4265
4616 2414
4623 2660
1425 943
3747 3929
1241 4810
4354 2873
3007 2591
1789 454
3862 606
4662 839
1683 707
15 2947
1918 4876
1904 2768
2236 720
1752 3794
834 52
1419 3577
2527 4236
2614 3605
2326 1296
3742 4927
3503 2126
3951 3899
844 3690
4538 3910
2749 4686
195 325
3677 1289
4338 4279
3285 3416
4982 423
1343 3766
4677 3123
2385 4020
2962 4429
4457 311
2431 4556
2455 1239
1496 3283
1594 3842
1224 4383
531 2038
4021 3369
4410 4827
2687 4711
4233 4361
4147 265
2505 1777
2922 4520
2914 4068
2570 2244
3453 1782
1454 898
3342 2780
288 3472
4540 4478
4429 1764
2397 2112
1378 4409
1412 534
2790 1222
768 2977
4820 1176
807 1211
2719 4722
2367 749
3446 3083
4283 3651
4309 639
2266 3994
4489 2590
3590 3195
1107 2056
186 2863
113 488
2104 4211
4871 856
832 2322
1888 2029
2878 402
3751 4302
1438 3187
4127 2961
2925 2585
666 3633
4215 1956
2030 2844
4422 2665
2853 2900
4547 4137
462 1675
256 575
1084 520
4846 4471
1627 3091
3699 4350
3291 1044
3208 1813
4250 4521
3683 156
3044 4924
1974 4951
1050 1817
4604 2826
3505 425
4341 4002
281 4478
4389 902
1016 1014
397 3803
3359 1600
4799 2230
372 3018
753 3254
2334 2968
3461 1856
2562 955
2668 3472
3024 1551
123 140
4652 425
1803 1177
3396 777
1869 783
346 826
1248 428
2113 2061
2919 2764
2983 4961
1242 2977
4104 1786
680 3489
1831 113
2031 3177
102 896
4253 6
4387 3541
3560 3773
2636 3875
3214 885
790 1422
934 3359
1792 3078
4103 2195
4737 1121
941 2768
2576 1031
2797 1750
758 481
4951 2508
1835 4340
3029 3381
2407 1358
235 1963
1883 517
3150 3322
447 1182
4110 780
3350 95
4030 2197
1690 3047
2807 1741
2483 3063
3492 2255
4293 4906
631 907
2874 3898
2577 4930
3557 141
3692 2016
629 1254
4526 2364
2066 4929
2171 369
3910 4676
1402 2303
1076 75
2266 4261
2081 4880
4298 3667
4355 4236
614 2771
2654 2494
4724 2450
4084 2760
3584 1551
3441 2904
825 1882
3279 3141
3407 1540
3407 1254
3064 3340
4405 3187
2104 3501
2357 881
1288 4841
3001 4658
651 4673
2703 2851
733 4828
2231 81
2960 410
1560 2039
4937 3313
564 2604
1020 1199
2160 4658
4683 2804
2688 2324
53 389
4067 1524
913 1309
1849 3021
1788 608
2345 4410
2244 3183
1707 3044
4164 1542
2766 1364
4278 3408
3538 2704
1315 4323
2954 2050
903 1709
2711 466
2616 4683
4118 2021
1351 3599
1308 795
4923 636
268 1634
4168 3708
739 1579
2478 4955
657 1507
3046 3397
141 1182
1620 1125
1491 826
1729 1000
4886 352
3473 4596
4197 1113
4379 1450
544 2995
294 2320
3874 1945
16 2652
1228 3858
683 3534
2094 2758
2967 3821
4422 1523
2771 1869
2067 674
603 4813
2280 3442
318 2810
190 4864
1362 897
1286 4175
4337 4751
4412 2026
3008 2131
884 2375
2915 2440
150 1726
2075 3921
2377 4165
1725 1050
1365 2614
4870 676
1123 1598
3695 157
559 3735
1460 481
4090 4397
4714 3326
2452 3982
2145 3242
941 240
1282 3838
4013 4634
1280 3661
3970 781
2255 3954
110 2961
1271 567
2430 3272
1218 3581
3466 2259
422 4157
1985 23
2165 2285
3993 3749
1496 4453
4304 4492
4855 3937
1469 1532
3803 1260
3390 1440
1900 4956
2291 951
1447 3031
4563 271
3392 1763
821 771
3792 3440
4278 4644
3474 2022
2970 1666
2439 3432
1527 3136
2588 4647
667 3409
4808 1969
14 3604
1510 2594
3232 3566
2316 134
3872 2365
4814 2545
2382 1404
818 1111
1330 3718
521 4534
1860 2595
4325 2392
526 4505
814 4601
2561 3413
3975 1800
2239 2350
3670 447
19 4262
3954 4729
1050 1348
3468 4633
3965 2811
1894 105
1832 4461
3391 653
1112 1072
594 3526
326 3058
1849 2794
3534 1477
4888 511
1599 3175
3664 2710
4604 687
60 2971
2650 2560
2127 3842
24 3505
1737 2908
1299 431
568 4347
3268 4537
3312 936
2730 4589
931 421
3005 3391
103 3825
4280 22
4155 3823
3146 349
2303 236
1743 4452
2381 2913
955 2089
4511 2853
2495 2238
3062 1889
2187 119
300 3644
2738 1863
60 4822
2179 3542
1073 4058
346 1346
4443 1556
4111 4490
3595 3204
2471 4886
4533 576
278 3556
3556 3966
2971 853
4282 1174
2431 4576
1495 4559
4552 4951
580 1186
1891 928
1927 679
1410 2240
3736 3430
806 4661
1921 2326
2134 4835
300 508
4479 1026
1277 2760
1918 2014
624 2417
4193 89
1063 3128
3535 2844
3187 2955
829 2786
377 483
362 2136
4800 4765
3249 3362
1094 1758
1070 4215
3331 4095
4855 4246
2252 3328
2608 688
1268 2915
399 1160
3252 3345
358 771
463 1582
3935 4638
555 4953
1232 907
3009 2544
3644 4075
3308 4528
4482 1099
3301 3526
208 3085
68 1429
3505 3369
4131 1339
2012 740
1931 4756
1543 3732
3163 4014
232 4869
3657 754
1994 2805
2954 4841
975 3052
2538 3689
1594 269
2943 152
302 2352
2185 74
2272 921
1047 1310
928 1782
729 3233
4013 3266
2367 4054
87 341
1547 3514
3342 4811
3199 3320
3165 4711
4726 4649
4841 3766
925 2237
4175 3174
513 4720
3901 4637
4649 4226
2789 2982
3077 859
130 2662
4159 4991
295 2496
3657 1719
229 3785
2888 2829
3952 2697
3123 3878
1785 1571
2905 1941
287 763
2495 4582
2911 2910
2874 635
1186 449
1998 2181
3755 323
1098 4775
4229 943
4017 1808
1447 3716
2155 1380
3325 2372
308 2026
4856 3043
2208 4265
698 2386
1198 2240
1026 655
2021 1343
2353 1485
4622 4008
1007 2235
2682 3409
4559 3967
3338 675
220 724
4462 181
1068 1683
4221 2297
937 3183
3583 3944
1177 4262
4868 4312
4845 1779
3968 4865
537 108
2326 616
2479 1406
195 2870
1169 3752
1414 2439
2646 1238
3484 3948
2314 3550
3200 4595
513 1743
2770 4087
844 4554
4614 2738
4550 2984
1586 4142
1021 255
773 35
1805 961
4361 2848
4161 1379
4879 421
3507 1062
1375 3001
3433 4027
2356 4948
437 82
3468 3477
3364 287
3368 943
1099 4579
2124 2613
3928 3334
286 2011
3257 436
3773 4464
3461 1506
4270 881
3936 1558
3913 2692
1105 494
3457 1539
4632 4866
3408 3472
3433 4146
391 4426
4033 4460
1561 4489
4635 345
1478 3603
4019 2933
4955 4717
552 267
4613 4895
4835 2841
4225 848
1026 4001
2588 1393
3284 2358
1241 3614
4805 69
2857 179
1096 2959
3709 4315
2935 3197
2461 1671
3870 4616
1575 1769
2797 4736
4962 504
2201 964
1943 259
1517 3202
4534 3048
3769 3167
290 598
237 3669
1722 2126
2786 1057
1808 133
1235 3514
4885 3225
4516 2186
1061 696
4754 974
3857 2687
1654 4362
1069 4592
4994 3577
1366 936
280 2073
4425 2376
289 800
4832 2893
2782 3635
3676 3246
2912 3002
695 1293
57 3875
4449 1287
4640 2181
1417 2481
1982 215
4142 3919
4580 1718
1824 1426
1948 4975
4886 41
1623 281
1731 2767
171 4423
1766 142
1939 3461
1411 3330
1721 1632
4486 1983
1077 2066
4018 3443
4512 4907
2797 718
1638 3374
2357 1126
1349 3058
3497 2415
1498 262
2787 201
1020 2654
2504 216
4827 3862
1612 4297
2503 286
3593 1765
1466 3322
2659 19
4179 4586
2163 4894
993 3208
3514 3931
4349 597
1108 2603
1576 4134
4833 80
3102 2046
2326 2070
205 4561
2867 771
1848 3238
2188 438
3213 2797
1592 1005
1762 1247
3293 3801
3042 690
1971 520
2585 3030
2057 2379
2348 678
1839 2004
3221 1595
2796 4368
296 3204
4140 2390
4726 3149
1345 3651
759 4824
3345 1040
2298 905
1395 2888
967 795
2162 4291
138 2605
2942 1779
2892 2739
2429 2570
41 1725
3154 4573
2723 745
3043 1127
622 935
3747 3446
2924 1186
2239 2458
717 3611
4316 1804
4490 3327
3168 1853
2900 3292
3149 82
3026 616
462 1052
4909 3621
2649 1366
238 263
3505 2786
4443 1993
2813 3210
156 721
2706 756
2016 4182
161 4552
1752 1946
2658 3155
1474 33
2890 1466
2626 264
1684 1693
1104 1133
3934 495
3061 345
1489 2426
3106 1992
757 3163
4702 4621
3673 1979
112 4942
4577 3776
824 2836
2482 1492
2929 4715
2803 1497
1617 2223
406 3684
2315 3682
751 2242
3032 2866
4996 1840
2760 4089
3843 4449
2128 4840
2723 1429
2958 4452
708 2989
4519 1725
770 264
3666 3480
2303 4254
289 1157
3861 1344
2776 130
1851 2973
3115 3649
3132 4957
24 1441
1969 2355
4094 452
160 1831
4802 130
1875 4668
638 2069
2820 718
3208 3367
953 424
1871 2631
2949 3346
901 4499
3751 2323
3797 2775
715 4974
215 2333
1374 1069
3180 2950
3750 3892
4569 4885
287 229
2665 3629
4972 1150
4371 2702
4860 764
3121 2421
2869 2937
4794 2552
312 2706
1227 2738
2937 3595
4657 4469
1902 4510
2467 666
954 1135
3913 2850
1847 1370
3103 3752
2523 2670
2730 259
3670 4530
3492 1708
723 4202
3203 361
1762 4968
675 543
3721 3283
2705 2497
3751 3160
736 2646
1859 1031
1781 3858
4655 1013
4163 1946
2257 4533
946 1591
1957 4535
2604 1948
4079 2568
615 3648
3776 36
903 42
3978 4169
2876 4692
3239 4825
1885 3000
376 4242
3723 1453
1545 4979
4339 3564
467 3764
4594 2486
3890 3031
2495 1623
120 1303
2336 1766
1877 229
1518 80
1238 978
4578 1935
2981 3070
3717 375
1341 3255
638 1355
3812 4796
4253 2798
3234 2290
511 3534
3388 343
2087 4601
3585 4000
3882 2010
231 3801
396 2005
4991 370
4206 3561
3918 3258
4620 3311
4728 2515
4936 369
1501 4248
1576 4575
1819 323
901 3456
4640 324
4517 1731
224 3005
118 4071
3546 1348
616 885
4998 3438
408 3792
3190 4226
4044 4642
4740 3511
1101 1935
605 2209
2362 1623
3651 12
2956 3402
4858 3029
1911 2080
2640 2190
2673 2006
2629 1412
4016 2350
475 771
2088 2143
4268 2557
4817 3506
1272 3252
3520 423
3023 1902
1264 258
2436 2196
4883 4510
1822 4992
1414 3601
2001 4060
3221 243
4059 2427
3093 3484
1655 3998
511 3087
4285 2362
1401 4553
4120 605
3237 2745
466 3469
4573 4153
3859 2154
323 544
4443 3334
3859 293
1161 221
4803 2790
1598 3753
507 1151
3794 867
1748 1723
3889 1012
4641 262
1270 1950
2841 4734
231 3631
3312 3516
193 4269
3003 2273
4634 3339
2576 1869
2407 3281
4376 2988
2646 3233
2782 1803
3363 417
1807 3734
569 3050
3382 1151
1677 4450
3766 3427
1013 4354
1720 3066
2884 871
260 1478
2784 1278
540 3767
1062 836
4559 3969
4008 677
4879 442
1856 3988
2543 3373
392 2570
1319 3372
4237 3258
105 1252
443 2139
4921 2361
1039 3684
2534 2300
2656 2908
4442 1042
3784 955
1040 925
1212 378
1941 2633
853 4047
4197 3346
4387 3100
1131 4882
2981 4329
1982 2832
2346 4141
4943 4346
2759 2455
2531 3062
1405 3611
999 1454
3482 4465
1005 4902
2574 3180
4208 827
969 2884
956 37
419 130
1170 2333
2063 361
938 3088
3439 4191
3219 287
810 4561
2124 2475
3397 1463
2258 4885
3693 4425
4195 2241
1689 2545
1183 2779
4228 2827
3981 3084
260 3443
3818 3061
2940 4809
4900 3624
622 826
1470 1730
3951 3082
95 4132
4566 4328
2189 3626
2227 2065
1531 3829
818 3816
4752 232
1067 1101
1197 4282
977 4642
1704 169
435 1687
2907 4363
1811 1561
2400 133
3954 1931
3440 4887
246 3790
4178 2206
2788 322
1727 3876
3215 3865
2762 4816
1146 2787
2549 448
2100 4729
1879 1531
314 4910
816 911
4742 4196
208 2318
190 1927
3809 911
436 512
3646 3375
4990 142
4761 203
3133 3415
1397 17
3659 3608
3445 1914
624 1877
193 3990
4214 1217
1001 3213
2491 4864
1778 314
4735 2074
1530 3902
4926 4682
798 4395
3976 844
1116 3759
1245 4496
200 2939
1996 3470
2540 131
4801 3444
798 4821
4246 200
3902 2797
2737 3771
1871 2250
1914 2412
3336 2677
2711 2671
2012 4330
3564 1919
2472 15
4432 2719
2932 4307
2748 497
946 3588
4033 3284
3410 2877
1600 710
162 3692
4885 344
158 1162
2144 543
2633 805
1394 2379
2648 3025
2270 3745
1157 2852
2561 2963
1551 385
538 191
2730 4943
4047 1279
899 4677
2751 798
4452 3380
2028 1838
3341 478
2243 235
2374 2429
2275 2261
62 3365
3999 1622
3542 1485
4113 1425
3196 4821
4296 2694
2215 338
2837 2070
835 228
2540 557
854 2612
1525 1590
1949 323
1392 35
2969 4780
3045 1340
465 740
3377 587
1457 3054
630 3451
3931 2225
3942 1012
3751 1681
827 877
3195 593
4421 4407
2436 257
443 4825
194 3177
3308 2042
2568 1586
4014 1476
1901 2196
3090 3238
4187 2499
3709 3817
4304 4010
3656 3442
1087 183
223 2381
4246 1682
1661 4556
264 4564
590 1031
3937 4321
3319 135
1090 19
3388 4499
1860 4493
2295 3848
389 1455
242 4463
3426 1491
1044 2786
2183 2139
4844 1336
3326 2686
2113 2962
285 741
3377 1606
411 237
466 1525
504 4253
3776 403
2721 2111
712 3561
4459 1586
441 1634
2462 1246
48 3733
2376 2935
3443 4421
455 166
4981 1940
1003 698
4250 4272
1002 2490
287 885
1762 3664
2971 701
1183 3129
2309 1399
3287 4308
2758 4360
3924 2326
2638 3334
4255 4680
4142 4284
124 864
2382 1526
626 3030
309 3198
401 892
979 2397
4104 347
2205 2738
4744 4931
2353 4864
2383 1926
2184 1485
4046 3534
2800 1277
3412 1739
1386 754
1899 82
94 1536
3226 4201
2773 2693
2823 3507
2002 2058
4854 2628
4763 4812
416 964
520 2819
4329 1849
4460 4877
3792 3042
4782 1914
2899 966
2346 3105
2574 844
1426 4293
275 4600
699 1517
4417 4149
437 4154
4875 1701
733 4475
4792 2887
2501 3131
4794 3092
1543 4996
4025 3216
1955 318
946 3107
2660 84
2453 889
191 117
3829 1915
4497 4002
4893 2185
3232 892
4015 2903
3126 4468
397 4749
4666 136
114 3126
4333 3049
1866 2884
1560 1278
756 4610
1812 2716
2171 403
248 2455
2129 4038
3916 3569
3596 2816
2087 662
4165 3079
459 66
3543 4111
1586 1006
4544 721
4384 4370
953 803
1459 1418
1729 4073
154 1515
1464 1227
683 3294
1623 4377
3467 2813
2465 2533
2014 4320
2783 965
326 4334
1050 4016
4203 4621
3187 2965
2764 3081
1057 862
3480 4651
662 2777
169 4443
3021 2758
1427 1907
3703 4134
3776 1030
3791 1478
2310 1944
801 4618
1904 2944
4838 1322
2398 4450
2713 3260
1110 3475
4365 521
4488 4179
1898 439
3607 2639
2485 627
866 3339
3313 3118
591 1429
4189 3658
832 1235
3804 2143
159 3288
633 3133
2680 2102
3179 3461
2921 1444
4600 3213
2598 962
4941 3970
1771 1407
3094 986
959 1489
4104 3439
1329 4735
3499 4598
94 1196
4608 3440
1346 1388
4329 177
5000 4149
2900 642
4978 1501
1882 1595
2371 4236
1247 1059
2342 2554
4847 2458
444 3221
2146 4741
2548 3153
2859 1697
2350 174
4489 1320
3251 4653
4331 31
2683 2324
2816 2343
1096 2755
4141 2623
3033 3245
4152 3718
1314 1618
461 3830
3027 2448
4974 2615
4425 1629
1114 2001
2152 3559
1584 1412
4162 4792
1492 2025
3751 3570
3296 4418
1028 2824
2572 2143
4917 213
578 361
2485 4708
822 2723
2206 2719
1622 333
1847 4012
4144 4130
3261 466
3072 4673
4190 2104
1766 1995
2896 2150
4469 2062
2712 468
4998 4835
3892 3378
4309 3971
599 4479
452 1672
851 59
1689 2597
4361 3353
3020 1686
4303 1024
4407 50
650 3210
722 1871
1311 715
4104 3132
3984 2991
2989 3432
434 3314
1514 146
3730 2795
1861 4905
669 2836
3630 4928
2485 1887
1641 4720
4999 2734
2882 4745
3892 1856
337 3740
3979 668
2639 2856
3417 3645
3903 4650
1758 479
616 3728
2399 1981
4619 797
1533 1796
1570 3432
838 2722
2233 2113
145 2681
4154 4204
3706 3612
2316 4495
802 2434
1207 3496
462 4345
1160 3208
2491 1235
4186 3923
4449 445
2240 3096
2678 402
21 2004
3718 1050
3751 3484
3499 489
3213 4121
3838 4721
28 535
997 4581
2870 3271
2441 2261
4963 1201
2661 4786
1746 88
34 2080
3231 2794
567 3285
2911 2436
1864 1230
2954 95
884 417
3637 1221
4860 1508
1120 535
168 4194
2379 1275
4804 2377
3794 1443
3466 1407
4533 703
861 433
4833 4217
1683 1094
163 3243
2608 4932
2811 1219
1098 2512
881 1597
4228 3342
1931 3076
2564 4740
2605 4474
3354 2918
4927 950
1636 2049
4886 1081
4922 4881
2891 1766
4504 833
174 2272
282 3881
4853 2578
928 1371
3418 4894
3813 3675
4246 940
4162 3086
3724 1360
4469 2656
2610 734
2241 714
3149 457
314 2688
4970 2426
1668 1025
270 2964
1062 1298
3808 1103
4752 2580
3674 471
3580 1331
3847 2802
2347 3431
1635 680
176 4235
358 3563
2388 3666
257 4891
3188 1345
4544 4843
2749 1488
4337 3710
110 2582
1206 29
3217 3922
568 4787
946 886
3053 2171
3792 1937
3748 3379
1417 1162
3619 4892
4402 4209
3040 4305
315 4573
759 4855
1312 3297
1043 2776
3344 1251
2226 2645
2611 3829
4503 2980
2095 4432
3376 2811
960 3930
4058 212
171 3030
502 4111
4222 3490
1809 4639
3639 1834
3258 2797
4236 1868
2723 287
1269 751
4216 4005
1775 2130
596 2156
1420 1485
1501 2713
3849 3281
2702 846
28 1009
1882 112
4220 3049
1122 4831
2774 2852
3697 3117
4196 2302
1808 609
2866 3755
3144 480
831 2793
3844 1173
4642 819
980 2349
818 4375
3853 2735
4019 328
497 571
1544 157
1418 2778
1652 2604
4298 4435
4978 1202
2362 204
3577 704
1574 2753
1265 2519
1102 2655
1571 3004
3419 1790
4184 1600
57 2676
99 3106
2607 4762
3395 1962
1929 266
1260 738
1226 1032
3731 1651
2227 2638
2034 3513
300 1514
3470 1421
3759 192
1424 4119
2382 52
840 99
891 3938
3983 1600
2959 4789
3724 3173
3205 4548
691 3273
295 3594
1511 3295
4632 4815
4748 1562
1396 4959
3716 1644
4348 4958
2353 2785
2926 2861
4510 1725
952 190
1386 2496
2305 550
1437 3911
1537 3260
782 4807
1007 4240
2418 2814
3810 527
3291 470
1676 1269
3120 4716
1534 390
2635 4696
4141 2148
3213 1400
4542 4362
2514 2502
2568 1451
2398 4319
2444 3982
304 377
3374 232
97 643
3884 4865
4229 542
3097 1312
623 2166
3513 364
2576 3630
2417 1180
2535 4838
3123 1225
4166 1124
2434 3724
1773 105
1974 4329
4098 3631
4274 2316
4670 1489
4148 760
3935 2141
257 367
3905 1068
1245 4443
910 3014
3476 4222
1417 3882
1154 782
4409 3918
887 4437
2067 3558
400 1642
3947 4994
577 2138
3119 3897
2299 2497
3210 524
2998 4234
3301 3772
2555 2709
42 769
2502 1589
3369 33
1196 616
971 647
2172 4606
3054 2245
859 1648
3082 2256
1254 3633
756 4533
815 2147
3106 1128
3608 1754
3430 2298
1412 3634
3601 2575
3562 4647
2394 3600
711 4942
3255 2663
3533 4725
4007 666
3965 998
4229 870
1471 3273
3472 2101
3612 3834
1906 2696
4845 1854
3641 1112
4193 3991
1404 3435
2986 4305
2191 3002
3771 4699
4827 4034
321 710
2798 844
3243 2684
1101 4014
2474 1075
4679 4898
2943 3688
3010 632
1794 3404
1455 4448
2834 1182
2107 41
1662 1189
506 2288
4611 1244
375 1478
4413 4271
1277 1310
2855 2000
1858 2638
968 1637
706 1721
1166 352
3940 899
4478 4812
3339 2394
861 2014
1850 464
2586 1269
4016 439
2252 197
156 815
3231 1376
4695 452
575 1953
2379 3167
4036 2880
693 3781
827 4340
904 3282
403 2150
4772 4718
4051 4849
4860 4971
3280 3485
1728 4413
1884 4377
680 2511
3230 2895
2496 4069
402 1129
2279 1037
3664 2794
1063 985
4513 3863
2761 628
2287 2811
4774 990
2451 1105
1134 946
3261 2755
3396 589
2233 2990
2798 4631
1746 3437
3316 3672
1960 3729
830 2409
3596 3215
3000 2489
3595 3287
2962 3831
3951 2386
2817 2923
972 1165
2321 1766
4883 2044
2655 4015
411 41
658 2377
4111 1923
4012 3529
4791 2379
200 4989
1886 1881
566 462
2006 1821
3101 167
4492 2589
2717 1357
4618 4041
567 2853
991 3815
2951 4341
3664 3751
4144 3539
3378 4267
1711 1907
3477 1314
1205 2963
3240 472
1635 1130
2625 111
4618 1852
1481 1770
4554 4025
4446 2517
3343 4673
4760 491
4990 2753
3011 4308
425 3962
2168 4919
356 1113
2890 3627
1305 4037
709 190
4886 1880
1692 4140
3374 1093
90 3619
4270 1558
3033 3964
4640 855
3762 2704
4170 3651
587 3282
2477 664
4917 460
1177 1598
3674 4597
1323 1187
4910 4168
1438 1332
1998 4378
753 808
1452 1749
4833 2544
404 2640
384 4778
1961 461
3497 4114
3783 1243
2997 2930
3180 2105
4708 4251
410 3759
3939 4084
3097 3879
943 1152
1340 3443
3173 1246
3011 1115
3401 1757
4531 4163
4678 768
2978 3981
3852 775
3194 4728
2882 874
3931 1292
4208 3431
1201 17
80 1362
2710 721
891 137
4202 4242
1828 4983
1199 1546
4784 1175
4635 1724
1816 3686
4193 2794
4385 2688
1165 3333
2947 1929
949 226
1633 1029
2407 229
1770 934
653 4946
4949 3519
955 930
3637 76
4391 720
2316 1184
3342 2197
2558 1303
374 4355
4306 619
1630 4866
4512 4848
85 545
281 788
1959 325
2359 1417
1209 708
1980 4783
4688 3375
3252 1752
1016 660
2954 3794
3418 3954
2247 158
2604 4636
2532 626
1197 4187
4618 3506
222 4683
220 1243
2381 1255
2811 3622
2720 2719
1699 1652
4793 3842
3071 3572
4417 2667
1838 1789
394 4431
2263 1919
1342 2350
4257 985
1120 1762
4451 4197
322 3236
1932 169
4430 4197
1345 1003
4972 653
2990 3740
2407 4133
196 1411
157 4296
4835 4798
1183 3404
4308 4549
2637 765
1305 793
4481 86
3218 1258
2701 352
3888 519
4648 2845
2055 4518
3534 3035
2142 4740
2993 3011
354 436
1555 4552
3858 165
3504 971
256 4040
4725 4519
27 1349
1616 612
1987 446
4230 4358
4409 1726
2353 10
546 2159
4135 1166
217 3147
1123 530
1204 2973
299 4512
1237 584
3016 976
948 2884
3368 4690
166 3317
4696 4946
4213 708
4789 525
4566 888
2445 1186
4435 4838
3206 4622
994 674
3938 1273
2423 1244
4776 1876
588 1578
3116 3441
3450 586
386 4062
4003 2127
2212 733
2669 2510
2268 2680
3388 2537
873 1095
2378 1744
219 3751
1216 1772
1692 2292
2112 2407
381 4566
4904 3369
2405 262
4566 2877
3318 1888
2657 552
1813 2587
103 3847
3270 3204
1563 1363
861 1097
3105 747
3713 4295
2098 1458
3856 2872
4820 3531
3439 1236
1476 4031
2326 3504
336 2685
1561 2396
4703 4607
2570 3599
164 3491
579 1888
3374 4773
3002 116
173 1681
1125 4483
3784 185
105 4002
3240 1332
3408 4551
672 4027
1806 2785
3530 4142
2416 4466
1719 3436
927 2921
4318 3421
1476 2791
1299 2205
3311 2409
4057 2260
4809 3272
56 2341
3452 395
4834 1891
3941 1067
1084 428
1347 4961
2490 3372
2797 730
2004 2618
671 1269
730 2386
2958 3960
2763 837
1194 3896
4030 3805
1747 3662
2768 585
3970 484
1973 389
3611 3
4857 3486
1105 1760
4500 3178
2512 3111
71 2711
4521 2632
702 844
1735 4
3926 3965
3776 4706
3253 42
4636 4620
946 3716
4964 2184
4167 4403
1074 4424
1798 3372
2725 2052
3300 2286
1182 3394
657 172
881 2224
3789 776
3660 3339
1001 4557
713 3959
4700 1169
3338 4520
1729 3355
4071 2356
572 1697
2419 290
1523 1050
187 2638
2983 2192
621 2914
3692 2788
1712 2138
4500 3036
1192 1853
3928 451
482 2308
696 1725
4618 2301
3270 1783
4256 3062
4300 1333
2464 1710
1517 2522
3109 4977
1456 3720
4553 1443
3208 340
1240 2120
1046 1987
4046 693
3639 2658
2216 4753
13 2203
1148 1316
4696 1997
1629 1745
4101 3135
2818 1399
474 2589
300 3839
4904 779
3362 4478
2488 12
4925 1842
3603 760
2584 1045
3258 2398
477 1239
3717 3153
4929 3609
4034 3309
4258 522
2125 3113
4870 1112
4304 1933
3365 3368
178 3368
932 490
1142 1690
4478 2638
72 825
46 3837
3628 3678
57 4975
2495 3694
1457 3269
2329 1881
3908 2301
3815 4209
4620 3778
2681 3608
3417 721
4734 4768
1964 4831
4909 2074
233 3418
3632 2483
5 2287
670 2004
20 321
1445 1922
200 2655
846 668
4914 585
301 3074
4912 100
60 4000
1720 219
2824 3166
1931 3388
279 3380
1341 3697
1325 2628
499 4510
4253 616
674 3245
3633 178
3555 132
4901 4674
4961 3263
516 2959
4981 795
4174 1220
2241 3700
3760 696
3507 1560
2946 2037
4847 4181
1634 3592
3851 2174
3395 1561
101 4866
2439 3625
1520 3326
4638 1920
2395 2928
2239 206
2718 1863
3404 761
1678 301
880 4149
4384 3346
4625 4014
3595 3293
363 3355
4112 1261
3348 3776
412 3027
137 3478
3484 683
1492 362
2180 4768
4039 3371
4343 355
4913 479
2270 2907
4011 2723
4142 1300
3330 3397
4189 1665
513 4078
778 610
2035 4707
1324 1468
605 4331
2667 29
3978 1409
1445 1055
2122 1520
4206 3427
746 1399
499 3115
2605 932
2337 3108
2136 1167
2404 895
4805 1331
3841 1463
3734 3215
1965 3782
2145 294
3647 3459
4972 1075
4445 2679
1755 1042
1159 3614
4213 2053
4555 1840
2180 2248
3252 3092
3526 1027
3903 4416
1274 3828
2159 2962
4002 1792
3292 3863
2855 4606
133 2295
1165 3838
1486 3493
3106 2570
3142 2570
109 2103
4761 4392
1060 492
2886 1933
685 3210
2204 2605
265 3177
1653 1435
3906 636
4161 2868
3930 611
4065 3775
4975 1014
4509 3095
3534 3452
3293 3678
1667 3729
651 3552
3554 332
485 3203
1845 678
304 2987
1935 215
1982 3864
2043 4632
1001 3445
3636 1011
1261 1579
3423 680
4174 4347
3640 475
1430 292
755 3341
3015 1879
2004 2501
1877 1706
1491 2058
2500 1786
571 4839
3949 4416
2395 2435
1013 2083
3840 3603
2013 220
1163 4638
3153 3720
3241 4682
1395 873
4288 157
1720 3930
1691 2976
4387 4404
2473 1780
1035 2485
2222 1144
346 4836
625 4171
345 3235
58 3497
4576 3583
326 2821
4419 251
2760 2478
4712 1453
3514 2273
2003 2395
1286 1354
4837 3643
716 1972
2772 1021
2070 4916
3730 701
79 1074
4576 3524
1952 2767
1232 1019
229 1357
1907 3807
673 4566
2961 182
1367 2094
4705 529
4282 3144
822 4973
730 1412
3000 4337
1447 4796
1214 2799
3311 49
1776 4659
1715 4304
4499 2942
1813 692
2824 1911
3592 4286
271 2949
418 4190
4897 4255
3528 836
2746 376
4122 3727
1313 4533
2363 4522
1318 1332
1614 607
2962 1335
3352 187
4886 1368
3037 1230
1175 752
2173 4153
1937 3464
2242 4766
1581 2843
3283 2460
3526 2059
3181 1014
3702 4858
2922 4985
291 1950
3326 1361
541 4013
3164 2585
4744 2185
2349 183
1182 1673
1 1239
379 4360
4282 2762
2004 2436
2654 2068
1136 375
2507 452
2891 2099
789 987
1413 1992
514 1489
913 1445
1478 3408
3080 1705
3022 295
3400 4057
2308 3843
4326 407
100
61 2730 4206 2888 3004 2499 4189 2003 2072 689 1169 3823 4825 1982 475 1175 4897 40 433 3031 1860 2453 2388 2868 4737 3496 661 1813 586 3537 2954 171 403 1129 3680 1405 3482 376 4020 4175 2326 1949 2586 149 2019 2677 2330 3624 2014 2106 4446 2740 3778 2396 4505 1962 1695 806 910 362 264 885
25 4631 1244 4874 403 37 4556 3545 1213 730 2521 2926 3435 1389 433 4595 1867 2896 4868 808 4537 825 1200 1810 183 3203
79 2427 3868 1380 130 1641 110 481 47 3239 4195 2058 1743 2569 4683 1719 3371 3760 368 2157 3590 1752 3980 2713 3292 4847 4741 250 3849 1771 1196 2962 2866 2340 3519 1686 57 4133 2674 506 473 2483 111 3208 1815 4554 2004 4580 3198 4019 4081 4200 1080 1225 869 304 4977 3762 3841 2439 1623 4332 2754 2845 1725 3215 2679 1496 1246 3652 4410 260 4384 2000 429 1742 1230 2494 1278 3507
23 3175 3388 832 1791 1992 3328 4720 3910 1116 4787 262 2324 2689 3851 3333 537 1103 157 2701 2207 3828 2641 2857
37 1071 3014 2480 804 1913 4018 3234 612 466 976 1053 4649 2937 497 207 4119 4655 3573 1629 2576 4726 2026 1453 3042 3735 1512 2055 1428 357 1868 1505 2067 3691 4566 883 210 2379
154 1623 4814 3978 466 4922 786 4849 741 2616 2279 2749 2735 4459 3713 2240 933 1294 569 3368 4069 1838 4595 4447 702 2327 3545 563 924 3439 4898 1747 3045 895 1808 1391 4699 1782 3799 1743 2890 3614 3395 1725 3279 2849 3629 827 1600 4957 1050 4733 1789 3759 4059 1796 980 4801 57 3461 1430 3812 756 1386 2367 2892 1243 211 3990 4553 1802 4279 1772 1488 4886 4444 2514 1380 2976 3111 199 4354 3901 1182 2820 4706 1531 3133 1101 2343 1263 324 4975 1411 3794 4870 3651 2503 543 2052 2076 3048 794 2814 2904 2149 3696 1489 4379 1865 992 351 3611 421 1272 3648 721 2162 3160 2570 4835 4205 2270 3844 2576 2432 271 1458 2378 667 1399 3232 2446 4240 2645 4270 3807 1668 2827 229 4726 228 3644 1406 3403 3030 286 18 3970 36 4725 1080 4544 3907 3468
71 700 3018 1594 2617 2805 1914 1937 2313 1386 2236 3342 3137 3123 4253 661 3110 2527 3149 3911 287 4750 956 1317 2913 2671 17 751 495 2102 2874 2906 2436 2750 44 2822 275 3762 1034 2092 2143 1050 3933 38 1948 2352 3395 4457 3042 3176 2409 281 1426 488 4776 1079 290 1943 3326 1560 1879 3313 4422 1563 4885 3690 56 2184 2344 2281 504 2106
30 2143 2352 2401 4638 286 3000 1097 2838 2198 1323 3222 3595 1950 57 1588 2638 4720 688 4279 3844 4240 1863 4087 2291 4552 2625 1216 4442 807 4361
21 3971 3153 711 4347 1516 1793 4872 1551 1060 2010 660 1094 196 2663 1014 269 4855 4189 3381 1803 1764
3 4388 68 1543
94 1632 41 2829 617 2706 4904 263 1965 384 2481 2608 3258 185 4064 3214 653 4101 527 1103 3265 156 4151 2524 4765 542 323 4085 2301 963 4439 1071 1066 441 3349 200 3477 2669 376 62 2483 1902 468 2138 455 4001 338 4611 1091 3564 881 3466 2888 4814 2067 2804 3203 887 4413 4573 1436 853 2184 4799 4505 2494 1594 977 4180 3151 3504 2709 2114 4448 3321 1285 3913 2789 3521 2921 3837 3046 764 1182 4578 3818 2122 953 1657 797 2062 3853 2398 2350 2849
29 3183 891 2016 3461 3938 1339 4659 2738 846 3313 1983 1856 869 1438 842 1746 449 4610 2157 4324 3805 2605 3342 2576 3030 4674 4316 3850 3213
25 2530 1918 4961 266 608 4110 295 4513 2908 2906 4720 1785 1465 4215 3081 4027 3744 818 4318 1982 2775 108 881 142 4638
41 4511 4064 3721 153 1244 3020 2157 3582 1157 800 4532 1026 762 1299 2316 4820 3816 4103 1404 2938 226 1625 4619 4486 4875 1931 3871 1766 4895 3787 2589 1796 3635 2377 861 381 4057 2563 1717 191 1084
43 2324 3132 2353 4658 3578 4523 4329 4486 2906 1332 2652 4517 4734 3562 2693 720 3505 2436 1658 1959 1195 1967 3776 3953 428 61 2518 4955 3882 3252 1777 946 4344 655 1939 3620 164 3477 2431 2981 4954 2576 3247
20 3789 4752 3071 2236 1909 3480 4251 2718 82 4209 3727 2490 4603 458 3858 4084 1856 4636 3267 693
121 834 352 1968 3562 3123 3282 3748 1223 911 4499 2026 859 379 4484 1012 4718 1101 3048 1622 2429 3528 942 2844 1780 3496 452 4816 2243 3945 289 3162 3740 2788 4827 2510 4298 4111 1113 2380 3765 399 2942 161 4748 2967 1094 4209 3930 1875 3842 2283 3355 703 4559 3308 4626 2165 3335 3363 3431 4141 4868 511 531 597 4200 4711 3330 1842 2304 1342 3852 2070 1300 1612 885 2349 361 3455 1478 1175 677 4648 196 1128 80 31 4248 1556 4943 1529 4592 3429 268 1074 1037 2565 2136 2004 105 259 3673 1476 2010 2432 630 2604 3415 2350 2367 4047 3419 4723 1634 4157 1159 4054 441 2986 3259 3470
23 1125 3004 2044 326 4296 3669 3715 2241 2877 120 3107 2938 4835 1076 2794 200 3258 286 3152 2233 541 1781 1690
12 3534 2896 3936 4770 2287 4598 1358 1982 1922 1458 3098 1636
110 1651 4229 4235 3590 433 4793 1758 311 1274 2987 1965 3690 2865 4838 507 2891 4844 2612 3866 340 4845 2832 4193 4145 2227 4362 4858 3860 1864 406 1747 618 4281 438 519 287 575 3936 3718 489 2628 2080 3073 1014 3621 1157 65 4158 1283 798 3431 303 3689 3213 721 1446 3491 1403 3208 429 1263 20 1060 1222 4564 4446 3388 4270 2709 223 4347 2354 3033 2764 3827 1412 1706 249 1549 2853 927 1969 3113 2719 28 286 1560 4190 1533 4652 1900 4701 4657 2266 4124 3044 1268 2187 885 2485 157 2966 4841 3789 1561 4289 4565 327 2677 1933
6 3507 1634 4761 4202 319 2185
7 4228 695 1564 3956 934 3566 514
17 4472 2980 4350 1453 1926 4590 2874 2512 391 3432 4327 653 3232 3058 488 464 115
26 1173 750 4141 3857 710 1277 185 2310 4735 1919 2930 3583 4428 1687 4184 789 3543 1595 3990 1395 321 3733 1366 3801 2312 3087
3 880 4329 3429
52 3687 3697 2554 2872 789 2495 4103 1027 1594 4189 4956 1929 4620 734 4622 2757 4059 822 1822 1125 882 4640 3256 896 982 41 4377 1491 1789 3475 4301 4838 1584 1748 2962 1837 1590 2625 1454 4559 2636 1033 2602 827 4177 2914 1399 3999 3082 3346 4996 403
12 1182 1828 2094 141 4557 3342 346 2649 4748 80 3480 1365
53 3806 1471 3981 4284 2964 3962 3018 1631 1393 41 42 123 1184 2853 4141 3287 2349 1417 4185 1716 3842 3338 143 83 4737 4228 4216 4292 4897 3311 1706 4533 853 3953 4957 945 1681 4319 2786 4650 2605 4951 934 3214 3735 485 1721 3850 2948 2687 1491 999 1675
13 4618 2854 815 1745 401 4295 1440 3928 3858 1312 3222 2570 2472
96 1062 1536 220 2089 287 3133 675 1365 2534 114 4999 4567 4560 2914 2714 2954 1847 3633 178 1567 790 4600 3577 2858 434 3951 1599 1620 572 3409 3263 3723 2917 473 4019 4524 2442 247 237 2765 3670 60 4164 3132 605 4606 2026 3747 1710 721 4340 1034 158 1757 2813 3650 3933 809 2926 4236 4157 4576 4165 243 671 4771 3229 2701 228 3920 752 2847 267 2981 68 4176 1869 3355 2673 3764 4270 822 2060 4513 4819 1906 4525 3727 4954 1902 1259 3000 1282 401 2625 347
108 287 754 3950 1276 3427 2508 2094 4131 3064 3696 3030 4695 2735 1860 498 4709 3274 3735 4919 2184 3450 3483 2266 3792 3668 1838 4364 1166 3967 257 2143 4142 3441 858 2690 325 4811 439 3639 2431 1161 3770 1637 2329 2704 2771 4794 279 4770 4317 3375 2497 826 3345 1133 2550 640 1332 2368 349 3412 4017 6 2570 551 3886 792 3635 4754 666 1197 545 3026 657 1407 1569 4510 829 4456 3291 324 1916 4335 1389 3968 3587 2378 710 3679 3107 2882 454 2158 4027 1663 1097 3619 769 1619 4905 2531 889 3819 438 1904 3605 3238 4763
86 4030 1556 57 4422 3321 3773 2675 2159 1510 3373 3649 2280 2436 1421 648 4928 4486 1300 4673 1039 4352 262 793 1725 4141 841 4437 3945 4037 2185 1457 3106 4387 2920 3875 236 744 733 1825 942 1688 215 4121 4885 95 2545 4032 4886 2924 2367 220 4593 1028 3071 1196 4218 2303 2413 114 2958 32 2219 3988 3969 967 2839 106 1583 2625 4472 2905 4741 3699 1383 2267 4893 2418 4676 710 464 2549 2770 2320 246 1236 213
52 3348 3701 2520 4103 3251 2340 2004 1735 753 4008 1091 4981 571 2323 4776 4490 4726 86 3601 2781 4645 1332 442 2321 3436 4380 4455 2797 4224 1355 946 3534 4205 4974 1218 2999 4458 4625 4518 57 3374 4289 4415 4410 1632 1998 3027 984 4426 3446 1244 2547
11 2005 3766 2723 3504 3744 2545 4000 743 4103 4421 1880
17 4972 4730 2846 232 2398 3652 1817 2973 475 1494 604 229 1818 1272 3524 4759 4728
33 193 2286 2401 246 3985 943 3305 3492 166 594 4989 4556 4874 2595 4578 2561 4158 987 3344 1974 1111 616 4111 4024 3794 2790 679 4415 2076 3064 28 4706 4446
180 4725 4022 2266 2168 3342 640 4044 1813 4597 709 2925 2640 3244 12 4101 2951 2638 4698 3776 873 2902 4408 1625 3341 1363 4057 4744 4387 3892 4525 3698 334 3416 3690 1622 1874 2434 1365 2928 1278 4037 2744 1773 4697 1543 3320 484 2402 1342 179 3954 4246 2982 1588 1332 1062 756 4956 15 4568 1222 222 3960 1571 4768 3173 1572 178 3008 2691 4588 1683 1941 2711 3400 2403 3533 2755 3208 1762 2061 4601 1303 2643 4809 1623 3215 4443 3912 2644 597 1280 4726 3543 664 3253 2457 584 4827 2421 2822 1101 2843 2236 3338 2953 361 2243 683 3408 3694 292 923 827 311 2912 1637 3601 2110 3278 290 4173 1035 4683 3940 616 403 3687 3551 2338 750 2568 4992 2871 2874 1869 1875 3857 2154 2876 3192 3507 3301 4145 530 590 1560 1596 2303 2145 1613 1340 2625 1414 2395 1246 3375 1013 3603 3602 2882 1729 3309 4110 4297 3579 3540 2467 3581 411 3939 384 4404 3607 2523 642 4296 1277 2816 3804
20 20 2956 514 1696 2729 2170 4728 3167 936 1217 4141 491 2326 3823 4489 179 3785 3116 657 103
103 3710 3918 4573 3672 4478 4566 3240 940 3714 2498 1452 3897 827 743 4998 3965 1679 2577 2711 2845 3721 1164 3098 1856 4855 2414 1142 4136 2129 4533 3343 1192 3621 3522 1478 3597 2823 1593 2667 3748 273 4578 2483 2615 1091 3564 3639 3741 3857 3213 83 4567 2858 4323 997 2932 4630 4416 3327 1476 4021 2797 4142 4311 2337 1706 3543 3175 1802 3909 362 3012 1625 3877 4697 4688 4269 3692 331 2688 2380 2295 768 4893 4941 3189 4043 2244 262 1077 2648 3919 1489 2588 2906 4866 4550 1574 103 2943 3801 2013 4831
9 2039 2244 2214 2165 2912 3386 3480 568 59
57 193 4100 4432 701 1948 3519 3346 2034 2274 3376 2499 4431 1412 3272 3277 4292 4951 4979 4047 4368 2112 2244 3180 1485 1013 4566 2013 464 3431 4385 934 3869 909 66 2760 1366 4079 2214 2126 2265 2249 4740 2650 2655 4711 2714 1278 2646 3708 2711 3702 3137 4845 3071 1775 1987 4489
82 4601 403 1510 2650 3187 1948 318 4705 4156 207 2195 693 613 328 1439 640 1293 683 1055 4671 2679 4882 1424 3948 746 774 4638 4693 3915 2803 1717 4525 4415 3028 3692 1095 3408 3446 3418 2367 3512 2795 2507 4440 2695 2262 4856 3287 4604 662 1036 3619 1637 3564 4215 3346 2138 3623 116 3002 557 3892 525 3559 1189 2186 3751 1972 4514 1489 3097 4461 2058 4521 4566 2180 1247 1725 1758 290 2822 1766
18 4 2880 314 2126 55 2026 2692 3419 3828 3648 4265 3496 946 1745 3626 558 2240 3354
103 130 4145 267 1042 1539 2196 773 1526 4893 2923 4836 4994 2950 4012 287 1261 4306 4539 1719 4478 3736 1586 3738 3330 3629 355 19 2561 2148 4618 2639 2486 4436 85 4671 1286 2474 686 1696 2398 698 3167 53 2931 2152 31 3919 2087 680 4825 3107 2653 4111 394 1878 548 1779 2905 336 2504 4904 4790 593 2990 2022 3909 4632 4582 1088 1723 4028 4519 1094 4439 2525 1606 4191 218 1679 1716 595 4456 2256 3825 4180 2962 2663 2285 1935 969 4552 4166 4993 4871 2605 4982 1104 4758 4636 1027 616 4499 1357
54 671 248 2389 4025 1286 3682 3000 2722 1660 4091 1246 4838 169 3029 4239 3461 4706 3636 1356 4815 472 1119 1015 651 1481 1583 4531 4718 736 2839 132 2490 4481 698 1183 3249 4946 4829 2545 4397 2006 1298 2025 3643 1376 4268 4886 4885 572 1477 4908 2491 2347 2529
90 808 2361 4166 4047 3124 1585 1655 3053 4648 2614 2715 3149 3310 3711 742 3613 1737 568 583 2887 2429 2806 3766 3386 4141 3419 398 4025 4573 197 1489 106 4651 1215 1383 4240 2773 4144 4964 1088 3759 3603 855 3639 3156 4553 4996 731 7 2483 4823 3443 2353 1101 1595 3029 4827 1434 4528 704 3475 45 2105 4486 616 4429 177 2046 4498 497 3604 1361 4798 2256 3864 1976 1401 4343 3548 1875 1478 3959 2711 4417 2524 988 3283 2992 2763 1471
2 1104 533
6 801 1068 2751 2508 4171 2039
5 1253 212 1684 635 2604
41 933 4497 2688 2855 3713 4845 1579 3662 4130 1529 1877 3682 3484 3206 2208 1123 3918 881 3382 41 4510 4002 2469 4015 3861 4292 254 3026 2536 2817 2414 2094 506 3644 783 4144 4855 3244 4761 3283 1686
27 832 1497 707 287 4831 4456 1898 4665 4295 3098 4399 3177 2385 2190 2067 3560 2744 2004 200 2576 1853 2135 661 3326 2980 1789 1779
94 1278 4280 1267 4355 3938 3922 2714 2874 2132 3664 3751 263 28 459 2937 1882 409 4361 87 281 1537 2169 992 2076 2551 4711 1531 2589 4360 1952 3485 1833 3238 3222 1578 1784 2032 3633 3687 3370 4082 2756 199 357 540 3698 172 3803 4706 2388 4589 4527 3262 1714 584 1166 4163 2362 3981 3658 719 876 319 4410 290 284 4216 2585 71 880 3629 2461 403 345 4144 1772 4357 4030 723 1276 4343 3872 497 390 2298 4465 768 2395 1332 3556 4560 4605 2381 1905
42 4645 3751 4257 701 1332 1336 4838 827 598 880 2818 1469 4539 674 2847 77 1927 3132 2447 907 3674 1111 3534 2770 1119 1918 3947 2070 2906 1478 101 2112 4326 3956 1412 2902 1783 4193 3260 2091 97 3363
90 378 2976 3181 4260 3000 2669 4000 3603 4992 3786 1471 297 4097 2855 4722 402 1352 2361 2240 3396 4636 2284 3182 511 75 1520 4474 1169 1438 3815 1725 157 1776 1511 3621 4510 2927 1478 573 4360 362 4798 3108 3315 4256 2023 4236 4323 1877 4772 2777 4074 246 4160 262 3988 2811 2606 2658 1295 2073 4950 2377 3026 3312 1586 1284 2942 1020 4469 2424 1017 2290 3633 2490 4065 112 1944 1969 4241 4462 1955 1878 4324 142 3441 2482 3061 961 382
37 269 2469 2980 1873 4043 3438 2180 1582 2029 3611 4450 1627 2482 345 911 1074 1960 3309 3495 1973 2884 2902 1169 3934 428 1513 3652 3478 2947 2508 2928 4110 2948 569 2188 1804 263
98 3802 1415 3178 1973 4553 4068 3285 1586 878 4883 2391 884 2595 1147 2495 3585 3523 3467 1086 891 3982 1880 244 1762 1990 4547 3026 1412 4145 2496 1771 2763 1742 4991 4741 4601 2283 717 325 3631 675 708 1856 4996 1983 2928 301 636 41 362 4349 3493 215 1203 1840 4367 1959 931 3469 4340 1739 3751 2096 4425 316 228 452 3368 4280 1099 2265 1237 4140 2236 2480 4374 4953 2060 2367 4281 2416 1705 1860 1926 515 552 1776 2940 4253 1227 4512 2442 177 3793 4436 2556 4589 1478
134 3639 3095 1161 4580 2519 3056 2148 1079 1498 1735 4002 2580 2379 3625 2932 865 3535 3317 4160 1408 4017 322 257 1847 829 4422 2577 1383 4351 354 4519 4931 133 2637 2126 2285 2983 369 403 1042 3334 4032 2764 1125 1182 47 1374 798 3130 2877 92 1412 3692 3690 4606 634 4396 1879 789 2628 2688 4740 1026 628 1660 318 1494 1514 2595 3287 1725 4022 3875 1558 2206 1804 3306 1513 124 4166 563 1612 4007 636 4726 2490 2394 1091 721 3983 2202 1097 2693 1304 3601 1476 4319 2278 2330 1657 3718 1739 439 3526 2015 2199 1511 2775 1230 815 472 3320 2870 2414 3270 3794 3643 4946 4539 4646 2325 1458 709 4270 1084 2618 691 800 3762 2491 1580 2760 2119 2999
5 3759 3535 4111 2512 1099
40 4650 3880 1987 4405 3959 1033 730 4004 235 3311 185 3450 3179 2672 2421 4043 2094 975 4292 2914 23 3916 4880 290 2311 3403 1877 3828 2991 1122 4101 114 4683 2494 1403 4865 931 4573 1239 2076
54 4812 3978 4637 1386 2827 328 3646 4241 953 2663 114 1397 2299 1167 3873 4326 3135 161 3879 1302 1234 696 2512 4751 1701 4776 3886 2245 677 1506 1478 88 4378 815 490 1186 4853 3663 3575 113 3478 2006 2747 2996 2087 733 2483 275 2478 4180 3629 4839 2298 4921
61 3918 2001 1975 2869 2597 4285 3776 1191 3745 4352 4266 4661 186 499 1477 3147 4552 283 1799 1115 961 123 1406 1601 4649 4877 4126 4951 1695 2640 3784 2170 75 4205 4514 3566 2503 2595 907 243 3851 2711 1614 4057 4460 281 3210 432 319 2706 1106 1238 3474 1015 3444 873 3081 714 2767 2534 4752
16 219 1880 771 3642 4532 2256 3564 1763 1288 323 861 853 534 1457 1141 883
8 2250 4715 4090 3846 3072 4016 4595 4364
67 4714 2439 103 4631 2700 2609 2232 4591 3687 81 2143 1772 1440 4163 2574 1383 407 1355 3374 4552 35 2024 3275 2001 3419 3906 2828 3107 789 1136 2618 4093 2979 4569 4185 1044 2518 3123 4971 2477 4885 4895 3661 3646 4306 559 1175 4957 1941 1252 514 4253 3611 2495 1332 1062 3572 3561 2649 2942 4292 2836 4224 2911 1243 3162 910
70 3043 4214 1401 210 3794 3301 2808 554 4924 99 1726 3702 2329 2870 1012 2824 296 4189 4787 114 4885 1534 4263 1856 1079 354 2881 37 4984 4340 88 3447 3729 696 4719 2070 562 4242 2490 4956 2522 27 3505 527 829 1358 1312 519 1545 621 1267 636 3570 1112 4452 4042 3534 227 4361 1424 2195 3838 2078 886 3416 1203 4868 40 298 810
91 1600 1049 1257 3799 135 41 1469 1105 2763 4893 4262 2083 3484 1782 1104 4820 4968 4310 4492 441 4568 1270 4488 3842 1489 2607 2072 961 2977 2039 2818 4776 4740 2630 2256 2962 1120 3229 4159 3131 4526 4712 2433 4831 2394 2081 1655 4498 2274 364 4680 3495 2716 2279 173 4205 265 3439 1756 2568 943 3264 17 2712 4497 1579 3792 3582 254 4622 1366 4645 108 1531 1732 3698 2701 2003 1762 3228 4257 2138 1245 199 1483 1871 4999 67 3133 4931 3114
6 1898 4294 4035 2011 4997 4928
143 326 90 4961 1653 874 1529 2274 3690 4872 2207 2610 4521 1437 183 2844 938 545 1837 3637 43 3341 220 404 259 2218 2979 1409 3933 2004 2696 343 4620 3467 2072 2721 2290 97 1875 1001 3324 725 4038 2183 2395 1340 2598 3326 2225 1670 1429 1974 1998 3505 208 1924 3004 3397 3460 1649 243 1030 2906 2075 2394 2391 4157 2747 2907 3479 1656 4858 3172 1343 3314 1406 1285 2976 695 4759 3747 3640 3875 732 4503 4726 2066 4183 4838 3030 4136 583 1524 2103 4390 4435 4293 2850 369 1733 4999 605 2860 1855 543 3653 726 4000 4472 2566 2163 352 535 287 1914 3273 1312 3440 3784 1492 3813 3360 2008 4377 2353 3908 3442 1085 4423 327 2638 2884 573 3697 4358 2226 1796 2971 1501 3577 1196 1254 2545 850
84 1245 2838 500 1487 3098 2180 4479 4318 2782 2503 3150 2706 1427 4597 3012 3318 4443 4273 4649 4821 4551 4643 141 3862 1104 4202 648 3186 4410 4836 290 4281 1721 4016 2481 975 2303 4224 324 2295 2020 590 398 4279 3182 602 56 413 660 57 503 3801 877 788 844 1455 1808 3364 616 2416 4290 196 2254 1458 4074 1208 547 3996 2350 1380 2562 1418 1844 3970 3005 650 2814 2349 2509 1561 3684 2379 2407 80
27 1391 1964 3968 1860 1716 654 807 443 529 4355 477 2636 221 506 3408 2133 262 110 3587 2702 341 1623 2113 1085 745 15 2388
45 2080 3837 2366 1390 4263 1757 2797 1639 3667 1725 839 1731 2097 4744 3747 3062 904 3963 3391 4539 1362 763 4496 1294 3233 1920 2241 4671 2418 1670 3334 3467 1902 1406 4911 3047 1654 4153 1269 4604 4674 1876 156 1856 716
131 1404 3153 4163 644 4168 2405 3142 199 522 4677 4269 1432 1514 4807 2956 1196 3913 1269 4768 2687 3279 3806 4748 3470 1178 3189 3326 1375 3208 3938 1662 3178 653 2730 4554 3912 4793 4620 1179 3461 4223 662 2014 2418 3734 3727 3433 4219 1782 754 4171 2414 4322 1195 3196 1629 324 1804 722 436 4606 1443 1212 1046 4479 4422 2888 3505 2450 3236 1982 2755 3442 258 1925 2723 1230 4737 2763 3217 2117 4996 2297 178 842 1182 2361 536 3935 2425 4097 2655 4894 458 95 1049 733 431 2376 4999 4257 2976 1882 4870 1762 4841 3293 1436 2368 2780 865 4197 142 1347 4617 4304 3499 4726 4708 4153 2012 2694 422 4189 1759 2926 997 3319 2407 4566 1900
46 4164 926 4963 1260 4437 2067 157 789 1496 923 3954 4913 3030 3526 3050 3247 4533 844 4621 1976 2415 736 3748 1739 1285 886 1078 2962 4040 3203 2469 2694 333 3656 1517 3052 2239 3260 4348 4465 1557 4255 4076 1492 2966 3840
10 4385 3478 80 319 4740 3199 3588 3152 4595 1220
11 816 4015 3965 1020 2417 1113 3829 422 1285 4686 4776
60 2982 1458 2962 4926 2649 3071 1182 4780 756 1666 4651 1866 80 1788 3349 2851 4537 4319 2453 3270 2001 3764 2326 2140 1765 1584 1186 2035 4944 368 2624 3785 4814 2987 1791 4096 362 1447 4473 428 4982 2137 1879 3221 4337 513 4865 3360 286 234 3740 1263 4734 2594 2273 4917 3106 3634 2973 4572
26 3287 4748 2595 2936 1169 906 3204 3604 765 1193 4318 3012 3992 1398 4287 3690 3023 2114 4050 326 749 2193 259 2228 426 36
109 2190 1584 1267 2132 2643 1447 3487 2719 384 75 4696 123 3492 4225 2789 1672 3155 4833 4885 1494 3734 4831 1743 4254 3115 3356 771 1653 4573 4933 1975 2861 4813 506 2260 2844 4255 3012 4085 630 3238 640 553 3554 4482 3095 3792 4557 4272 3052 3439 287 4037 1066 3762 3514 3505 267 946 4460 2134 2607 3931 356 1971 2794 2272 4426 3643 572 1623 1650 2798 2838 2987 2138 3981 3823 626 3736 230 3835 4469 4111 4613 3563 1866 2739 3368 3181 658 1772 3959 4629 4917 4731 4284 1642 468 4732 958 3879 2969 220 4623 832 1049 3098 4250
7 4391 235 64 1112 373 1383 3283
24 946 3801 2408 2431 1752 3851 672 2990 1406 4774 4039 1900 120 4090 2504 144 909 294 4632 286 895 2096 1969 1909
5 2859 3835 2688 3916 1316
13 3248 104 957 3678 3092 1097 257 3369 319 3543 3375 3988 4298
23 3167 4205 3145 3053 2316 2725 334 2776 399 2249 4526 2103 3371 3408 2604 4224 359 1163 223 377 3521 4334 1637
63 4027 4881 2568 2458 1299 4729 4689 3033 487 3506 389 4104 2921 2069 2240 3779 3106 190 229 2264 121 626 126 825 2266 2608 3468 155 309 4947 2320 1791 2005 4598 1144 362 1941 4236 2890 2668 4100 3214 3312 513 2738 17 4411 3372 3446 717 4262 2949 2371 59 3658 457 2522 3822 4547 2040 354 4438 2479
70 4809 3260 2617 4281 148 2579 2794 3489 4287 3285 3505 3362 2113 2016 1725 3133 520 2527 4030 4943 1623 4282 4870 1611 1964 41 333 540 525 3745 4519 4571 2636 1817 3928 3230 2522 3143 488 1809 3340 4008 4541 2241 3394 2911 2130 409 111 3110 624 3841 1575 1062 452 3399 4469 4606 3657 1361 3510 956 1653 4981 745 3879 2974 3212 2490 4501
67 3740 2003 1261 1157 162 4769 884 1758 4142 4448 4368 2315 1232 4236 2884 3287 4805 294 1116 3113 402 1743 4915 480 1954 361 185 2795 2916 3204 3598 743 4145 3438 2246 3869 4417 389 4897 2494 4798 4331 19 1560 2968 4896 3006 2291 3971 816 3126 1285 1622 1345 547 2402 4111 1210 2851 2267 4513 634 4250 152 1082 1946 896
4 3538 2140 1103 2598
16 3203 476 2298 4258 4673 4159 840 3664 3120 1775 2004 975 4662 3461 4891 4953
92 3633 4390 3213 1605 1024 3687 175 4423 789 825 1796 4184 410 4082 3066 2954 560 3317 4142 1303 3342 3355 1495 844 4878 3374 2531 4069 1368 1706 860 1372 1882 167 4096 3892 3363 2351 3289 4905 1259 152 2290 2454 4683 2493 1713 4822 2735 2313 3741 401 2392 2080 891 2147 3334 4265 2892 2002 2811 2818 807 3121 1235 2935 4602 1498 2004 751 3054 2439 4049 4111 2878 1948 4710 4632 4358 3258 2870 646 2836 421 1645 1907 404 3230 1683 4465 2601 2787
75 471 298 1594 4423 315 1760 2230 2943 704 226 21 4815 1473 3985 4856 4682 3229 66 2918 3839 1813 2806 3287 2836 3505 1414 466 3271 4889 355 1622 4644 3653 4251 4851 4865 1824 2738 4545 1261 2380 401 128 2322 195 757 2352 3206 4990 4638 3714 2639 220 4807 602 4437 1285 1752 2274 2540 294 1693 1543 4090 4422 1494 2728 2244 406 4222 2461 415 2026 844 2603
54 1466 3536 2850 3633 4397 4193 2900 1984 2070 1412 4840 2116 169 754 55 4910 2696 2308 3970 4138 3026 4965 2665 2789 913 257 1177 2687 836 4919 4473 3771 3751 2152 884 1883 3139 4850 2525 2721 4422 2786 3991 844 3862 4292 2208 2651 1985 4164 3090 1094 1554 2915
33 4397 2644 3536 4421 1246 2846 2764 4657 3547 2734 2538 4505 1128 3954 2065 3851 2438 3790 4855 213 60 4841 10 3887 2270 596 955 4257 3912 4009 3319 2083 223
9 3904 3526 3443 3901 1696 2199 137 2899 1607
14 3007 4382 2013 857 4957 1348 1630 3375 103 3124 4241 2852 501 924
65 4990 2472 157 1417 4500 2119 4437 2199 3235 890 364 1855 95 3971 4683 818 1543 1333 1620 4883 2589 2811 2556 396 3351 4708 3282 586 663 4456 3541 1877 2723 329 2782 686 3081 1829 3608 376 2678 2013 2653 4527 140 1627 3486 1802 2668 4578 2554 4000 4334 794 4653 1827 2749 4796 1412 3149 4378 2959 2421 4913 2172
29 3374 1582 1869 3613 4645 293 693 156 3577 3751 4626 3741 724 3011 3394 3863 4149 2595 3408 3616 884 4034 3716 3112 4074 2200 2257 3629 4397
153 2361 4054 3506 982 2661 2617 479 2760 33 656 1216 1176 3837 3322 3594 2434 266 4375 4748 3022 1888 4465 1186 2208 4112 3577 1598 295 1765 1492 3865 3178 4981 4871 3698 1297 4492 4911 2622 711 4856 1786 4611 513 3858 701 1910 4189 1440 3044 4863 2755 1195 4940 441 829 3955 2608 326 2785 3734 1050 4833 943 4555 1096 2081 222 2854 2612 3821 2772 4046 322 3143 2685 4296 4889 465 4058 3485 1197 3746 1142 3546 760 36 2999 4345 3122 2689 1399 1818 3256 1037 2757 1477 1559 1587 314 3252 4827 215 4431 4820 3951 2182 3198 1604 2352 2412 4439 4366 2977 4659 710 3760 3921 181 4658 2818 1438 2005 3064 2929 4163 1561 81 946 1892 3342 1673 1508 4434 4840 3639 4794 4168 576 1699 2273 185 3327 1857 3690 273 1577 3895 827 4422 4147 168 2570
59 1348 123 3670 624 4785 571 4886 4225 2426 1813 4636 803 1268 4250 228 2914 4762 4132 3541 3252 406 3362 42 395 3027 911 207 2205 2316 2585 1307 2688 1267 246 2942 666 807 1533 4596 1255 1937 514 1788 687 3062 732 328 4816 1573 4787 157 4342 597 2183 2410 943 1809 1632 531
40 2171 2285 888 945 3414 3465 1306 2253 876 3534 17 2688 3439 1560 3954 1369 874 3375 4697 2957 4340 127 4866 4270 4140 4208 2485 4253 3159 1672 3251 3392 657 2724 3203 2892 1054 1633 1808 3012
69 287 3195 3898 2537 2963 2612 645 1067 3718 3931 2504 326 2195 420 1742 2633 758 4170 3306 4981 4196 1167 4104 2311 4018 1250 2747 3908 4720 2611 2781 3031 4076 4430 3611 232 840 4560 4915 1971 1588 756 4111 301 2907 675 651 3776 2431 2426 647 35 4908 1310 3762 253 352 4071 991 3155 626 137 4962 210 4415 1937 1720 3838 2902
