10 20 
56 12 68 23 41 29 97 69 79 76 
1 3 5
56 12 68 23 41 29 97 69 79 76 
1 8 9
56 12 68 23 41 29 97 69 79 76 
2 3 10
482
56 12 68 23 41 29 97 69 79 76 
1 7 10
56 12 68 23 41 29 97 69 79 76 
2 1 10
550
56 12 68 23 41 29 97 69 79 76 
1 5 10
56 12 68 23 41 29 97 69 79 76 
2 2 4
103
56 12 68 23 41 29 97 69 79 76 
1 2 4
56 13 69 25 44 34 105 82 100 110  
1 5 6
56 13 69 25 44 34 105 82 100 110  
2 1 2
69
56 13 69 25 44 34 105 82 100 110  
2 4 5
69
56 13 69 25 44 34 105 82 100 110  
1 1 5
57 14 71 28 49 42 118 103 134 165 
1 8 9
57 14 71 28 49 42 118 103 134 165 
2 5 8
312
57 14 71 28 49 42 118 103 134 165 
2 4 7
237
57 14 71 28 49 42 118 103 134 165 
2 9 10
299
57 14 71 28 49 42 118 103 134 165
2 4 9
474
57 14 71 28 49 42 118 103 134 165
1 2 10
57 15 72 30 52 47 126 116 155 199 
1 2 9
57 16 73 32 55 52 134 129 176 233
2 7 8
263
57 16 73 32 55 52 134 129 176 233