10 20
56 12 68 23 41 29 97 69 79 76  
1 3 5
56 12 69 24 43 29 97 69 79 76  
1 8 9
56 12 69 24 43 29 97 70 80 76  
2 3 10
488
56 12 69 24 43 29 97 70 80 76  
1 7 10
56 12 69 24 43 29 98 71 82 79  
2 1 10
563
56 12 69 24 43 29 98 71 82 79  
1 5 10
56 12 69 24 44 30 100 74 87 87 
2 2 4
105
56 12 69 24 44 30 100 74 87 87 
1 2 4
56 13 70 26 44 30 100 74 87 87 
1 5 6
56 13 70 26 45 31 100 74 87 87 
2 1 2
69
56 13 70 26 45 31 100 74 87 87
2 4 5
71
56 13 70 26 45 31 100 74 87 87 
1 1 5
57 14 72 29 50 31 100 74 87 87
1 8 9
57 14 72 29 50 31 100 75 88 87
2 5 8
256
57 14 72 29 50 31 100 75 88 87
2 4 7
210
57 14 72 29 50 31 100 75 88 87
2 9 10
175
57 14 72 29 50 31 100 75 88 87
2 4 9
373
57 14 72 29 50 31 100 75 88 87
1 2 10
57 15 73 31 53 36 108 88 109 121 
1 2 9
57 16 74 33 56 41 116 101 130 121
2 7 8
217
57 16 74 33 56 41 116 101 130 121