4202
1473
2233
2539
1314
4119
608
763
1422
36
2087
1630
1537
990
158
40
57
1
3450
441
4
1203
13
3175
2303
2616
2830
1179
0
72
94
394
3125
310
177
343
1899
147
19
58
3040
149
83
86
432
2347
219
1098
1235
14
211
0
1050
1369
246
339
0
1
1283
796
378
53
725
798
819
634
636
41
1060
0
820
306
262
0
3003
1369
917
973
2207
2016
78
482
1252
65
1547
1100
1886
276
5
84
1314
446
32
580
3
801
719
1183
5108
687
1871
2863
772
1796
72
2237
14
14
1961
363
2206
1737
65
172
1696
631
4
1148
1
3232
1129
125
338
64
244
83
135
184
152
691
2830
292
765
3225
845
47
0
71
847
15
2351
52
50
1018
1737
778
24
241
1285
197
99
137
3055
49
1199
196
697
1633
1929
156
2500
353
703
1039
1651
743
1327
144
1128
8
88
2162
4
72
52
584
94
0
15
429
538
233
0
177
362
307
1580
3521
1408
1
24
1132
1312
4000
325
380
797
1422
19
1231
1962
2709
413
3573
1333
77
3884
988
0
557
156
2563
815
40
3533
1577
308
3282
548
4544
10
1019
873
478
2123
0
575
581
4
1742
4386
121
83
734
87
106
1124
142
1237
752
1577
116
544
17
6
15
1
1107
40
397
26
824
2164
411
769
263
107
3946
125
2642
2061
608
24
112
1593
199
106
1718
817
805
284
508
7
1336
561
1524
48
312
21
1389
1106
1209
233
153
2485
2048
1725
1365
2841
128
3160
12
224
896
1810
18
0
817
498
5180
2496
0
416
2091
1
2
266
7
1016
1433
7
325
473
3103
450
77
2611
2830
147
3475
92
365
2655
82
12
551
800
4163
73
988
1577
2
196
476
342
52
329
2711
378
1886
54
245
3847
485
3
1958
386
43
2448
103
3363
2835
963
252
1
3
338
3202
245
1852
328
730
404
0
625
342
609
2087
1031
752
8
68
2709
578
19
4225
1954
20
391
825
2339
31
4
2878
1252
1203
341
272
1425
629
1123
1380
80
603
891
222
737
88
312
504
2
1481
77
149
24
847
4
120
948
43
328
66
210
2
245
746
443
910
587
1885
1886
867
9
218
229
265
5
0
1550
2992
464
239
328
7
1756
3733
55
15
57
9
3
1282
55
1411
0
2093
247
1467
3859
317
280
2
38
117
1970
172
0
1143
691
897
1857
1303
47
252
769
993
1358
1
462
800
380
45
2357
1886
10
0
3670
779
422
89
89
3995
0
2069
77
1577
4382
988
3980
14
3
258
156
376
1497
2162
3160
93
1108
156
1618
2660
461
98
1705
2179
3202
97
675
669
288
3104
1027
1445
3013
840
1155
1319
936
176
246
974
43
1129
19
636
1132
288
4
229
254
1811
0
160
2881
5
675
6
1
288
197
81
178
4
3771
1002
1935
2429
35
1179
4113
981
648
12
207
3
1203
1528
1179
578
140
1
81
561
1690
1632
1108
339
2016
16
61
4163
464
569
208
254
33
749
1365
87
101
2958
1061
16
608
2
16
1391
92
574
3629
100
0
121
8
2857
47
19
695
1305
58
187
3126
138
2327
441
392
82
0
764
575
2660
2281
79
251
974
965
271
545
312
4
2933
461
1577
151
26
246
30
301
440
48
1799
252
399
229
190
2
251
197
735
854
109
498
377
788
15
739
432
734
581
19
4054
82
2324
3481
157
2071
349
1608
102
364
1365
1052
219
1580
3670
2161
14
87
50
1355
809
2992
293
40
3592
2017
1031
227
110
1718
1923
647
0
574
63
2164
125
263
21
1186
609
300
306
2044
94
1500
669
361
350
775
145
221
446
58
2153
1550
1372
3171
859
0
70
24
553
1263
16
14
40
724
1470
1798
211
46
320
190
1040
543
4
526
1
523
338
3364
2756
1556
2192
769
1369
252
2663
152
797
2182
1108
753
1048
0
15
176
2338
1208
1916
53
2379
0
992
413
246
652
2
1203
665
215
388
68
42
330
557
71
529
164
1014
647
2069
1304
1050
112
0
673
2534
1265
189
947
61
772
4533
2280
1761
3684
311
283
2
526
13
321
820
796
1
47
657
235
2606
2442
1208
8
585
1700
1341
3941
68
149
786
80
189
1302
876
45
2940
1228
293
1802
185
3355
20
965
82
0
161
2717
3838
125
1
0
691
322
2351
445
93
2078
2482
353
3214
9
72
6
410
76
3883
139
164
3564
1054
490
1764
0
9
0
608
2832
1759
107
1497
1683
60
2817
13
163
1636
917
1
1212
18
796
1488
0
22
218
3061
797
3853
3
381
152
1389
3627
158
1292
551
264
476
2442
4293
813
40
14
608
1448
41
3684
430
358
2940
234
848
0
89
575
42
662
107
202
3225
526
631
12
39
2
478
276
357
0
88
206
703
0
0
1014
2457
915
148
1577
3449
80
27
356
1099
576
273
1108
622
189
2760
879
1854
2
1282
1796
2287
68
120
2489
377
988
1208
83
174
377
1367
0
0
42
566
311
2161
0
36
2650
35
1656
57
842
176
5
650
49
2359
12
151
46
2354
363
183
1304
83
15
114
38
626
329
387
91
62
173
140
4225
253
1724
751
1697
1528
1304
138
66
106
65
0
204
498
2
995
1746
481
4000
0
3244
655
1060
4221
3627
1173
2859
4
422
39
8
115
128
241
3
3423
235
100
2
91
3806
41
75
1860
255
552
431
80
6
69
49
3
2
0
1978
700
4197
891
0
2148
909
47
10
106
1831
1991
380
372
105
219
1630
299
163
58
1212
1590
493
27
965
1
63
149
4407
2
359
634
1522
251
1330
212
3774
2835
1006
2259
922
1718
359
1580
3089
2284
21
1500
1281
292
632
2933
1177
542
1661
7
0
3619
0
2144
2
395
32
2335
1110
135
1121
986
723
136
672
317
305
26
683
245
2448
2688
498
280
3116
35
255
189
220
988
2835
238
4047
631
251
587
0
2755
3423
3160
386
575
107
1796
2119
695
4113
591
56
97
655
143
1
416
37
54
1630
36
25
1634
2611
2878
65
820
3211
3168
18
458
2793
6
1336
2613
203
180
1
3603
974
110
41
2037
1929
34
253
93
165
2760
1342
1880
2016
268
128
144
3744
85
797
3201
1159
0
2913
391
524
44
15
3
4600
21
683
4054
8
991
1056
480
8
148
71
992
23
382
3015
13
19
2717
97
1299
170
2
82
112
243
3674
859
217
293
481
1537
301
0
2776
54
40
4
16
1324
1369
1740
1918
123
2255
2457
3481
209
176
2824
619
2000
244
30
21
2527
1324
1035
228
323
4787
140
123
1254
1228
683
74
1226
4
83
650
1430
141
23
0
707
58
1103
845
60
4
39
902
1687
1929
2350
17
7
32
10
188
0
1149
62
25
4
558
25
779
2
123
45
730
3
330
111
1796
132
87
2354
105
902
629
3
1039
2192
1073
1
4
1630
31
2
1169
227
1693
3627
3
26
15
2661
0
1337
1247
2075
1806
761
116
5
480
8
612
5
101
158
26
535
970
948
625
176
276
2326
115
2953
4
73
140
6
786
769
213
136
591
726
528
2207
2138
4062
1355
6
284
367
9
410
3853
29
163
0
3452
2881
38
1168
631
830
85
674
238
38
2237
1120
3125
2529
2667
77
759
661
331
99
1237
2611
363
79
585
932
1181
763
4
903
2835
6
1841
380
499
158
1604
1
9
343
1095
72
1399
1050
19
1
180
691
769
564
4130
3
8
96
39
535
786
3646
1803
957
457
100
77
196
452
0
703
3012
1446
0
1186
1
266
64
26
634
101
120
1690
15
47
1759
56
3011
862
74
3399
461
1489
7
26
1262
1205
675
562
2716
461
223
56
21
293
203
26
110
1039
121
2
2
3706
998
698
963
1214
245
1437
74
266
26
765
3101
1059
1005
3121
1962
1249
158
3061
11
1005
11
3196
6
1613
209
71
124
3
9
480
48
198
0
1018
779
342
870
802
1281
17
1071
887
968
245
1007
2033
64
1574
686
822
21
2193
100
196
1097
2710
643
3126
173
1285
3022
17
3666
753
1098
125
32
1244
2
2206
897
170
543
869
78
873
1285
1435
336
47
382
1337
940
144
997
1403
999
632
2841
485
655
15
776
71
17
433
2485
382
370
317
2269
2714
700
2014
281
411
15
1115
500
230
609
2856
963
167
529
440
210
135
775
20
5
120
57
721
3101
77
1512
3503
1031
258
1038
11
2161
492
4406
2
310
97
892
375
540
637
480
1745
530
1107
110
119
1132
214
0
25
149
9
151
518
0
3543
473
487
1
2019
942
2574
58
485
131
14
78
195
31
3490
1990
165
68
703
111
169
2574
404
45
663
13
294
25
714
185
229
1172
1658
2623
9
186
1
336
339
203
988
57
3070
10
524
521
1327
2425
422
2841
535
54
259
310
2311
1074
1978
795
34
654
2958
4047
1263
22
16
1472
780
233
528
2508
551
107
8
1
203
383
135
79
313
0
416
2841
87
197
1041
176
550
974
1311
3619
203
285
2616
0
1205
1323
79
999
553
373
3566
2349
955
535
34
8
1975
33
431
1559
1886
227
76
1073
23
3582
57
26
2249
784
2660
1345
143
110
3992
2021
158
77
4642
289
870
2346
892
1573
21
203
2161
2527
1685
216
34
233
436
289
729
703
683
2327
3521
83
3806
2457
291
210
82
3627
988
665
14
144
177
2770
97
4113
660
190
4194
2776
0
61
2634
68
561
1929
511
99
77
112
4787
3937
1091
27
58
2772
5
878
2
1
1522
122
48
769
11
1708
0
193
879
51
581
1151
775
207
246
1481
30
94
24
149
302
197
0
2
3573
3066
114
79
501
2485
215
16
43
19
435
2605
29
26
2728
3666
284
3774
1139
1799
545
1
13
12
2573
2660
381
2626
650
1014
1031
376
2019
1100
665
656
173
4109
67
235
142
36
1871
681
1019
319
2953
1016
2552
1921
2207
584
1095
7
287
22
926
44
649
5
2511
44
43
306
1923
575
2564
1041
1112
15
1294
1962
3339
55
9
140
64
569
482
1448
408
1373
1128
523
12
1419
28
243
3545
280
144
2281
11
2379
830
639
97
611
2179
4511
544
26
499
423
281
229
1975
813
2
338
1463
2761
1685
9
3142
5
238
1985
446
995
437
3390
1866
17
20
2126
477
572
905
209
1
85
227
123
27
1741
4
2407
2330
667
3547
695
973
132
238
10
27
255
2198
337
1170
148
21
493
229
246
6
227
1225
156
585
691
2940
354
0
854
4164
170
115
1219
555
963
260
137
1112
251
1533
790
204
2030
107
342
121
575
209
203
1018
2863
1348
1874
1
1962
0
3859
99
24
500
110
39
0
3160
11
1041
2416
72
2655
4600
634
4164
16
34
3842
328
227
45
1366
377
1151
8
118
508
1
1007
306
2326
859
765
190
84
748
2124
170
410
35
290
1169
1
990
34
2236
2239
132
139
110
207
886
707
1847
960
2613
221
234
1577
1005
34
3449
2878
3484
26
1866
819
32
4
21
359
39
1244
0
26
1329
375
1132
1155
642
186
83
963
338
85
2857
1015
2588
6
17
2980
198
197
575
2017
2561
129
855
580
33
575
281
560
58
311
120
1008
479
197
40
31
71
11
1317
1428
198
25
715
15
713
15
411
1947
49
10
2
2161
121
1434
52
10
246
21
153
2326
39
629
311
26
158
359
2413
1847
2036
229
1365
1302
1577
1275
52
0
48
785
215
2460
376
479
1202
1365
59
149
304
1764
1042
370
3853
1311
1760
1108
19
322
1168
274
0
535
1319
673
978
200
380
21
170
1143
363
425
1526
43
84
778
117
39
422
198
1708
1369
2033
1604
3225
452
478
990
10
1577
5
0
612
286
1
116
209
0
1899
1114
752
6
898
3
2445
226
45
1647
1336
777
600
2250
143
243
395
340
12
416
452
928
83
95
369
224
3684
32
709
275
153
53
29
1339
540
2508
16
8
50
2764
891
426
236
3110
110
674
218
3
16
1
86
838
113
3521
3011
365
200
0
51
82
1642
1060
1276
38
2192
43
748
26
1444
3684
0
270
561
29
190
49
5
564
13
1818
532
3484
47
224
933
134
382
585
576
3116
2
212
4463
8
626
276
2992
489
307
292
3640
2259
710
1847
321
148
577
1687
10
928
0
282
30
18
133
2716
337
24
1840
69
0
0
298
13
47
202
1741
255
51
0
58
61
2762
202
441
3627
3055
0
1206
63
51
31
990
2030
77
1865
424
799
429
3
45
355
1354
95
669
824
317
551
17
78
150
312
383
1067
886
16
2510
2016
4355
11
911
2192
281
897
19
769
2079
262
609
1041
609
857
304
360
409
1405
134
91
358
78
312
1
1014
2940
1
403
2016
1656
25
124
203
2
1407
8
2954
1031
116
561
4
566
276
479
170
511
3545
13
2311
1944
950
2824
3666
11
594
2620
237
115
609
276
34
487
358
61
363
69
1109
73
103
472
472
49
802
328
1962
2370
328
5
1634
1448
1369
25
2529
1718
509
45
1304
851
0
261
3329
0
4
3
1929
2304
1355
19
1492
1100
15
13
156
170
53
767
822
2177
3339
2717
1696
1768
161
547
3706
186
739
1021
307
8
2339
3129
93
3853
1345
141
229
4
651
3281
5080
20
157
50
1214
5
1961
343
316
3015
3573
388
422
0
39
858
0
4600
3414
23
1589
465
54
542
413
342
811
44
1537
3429
12
143
811
765
1214
2298
343
486
1497
275
284
304
304
2141
1001
672
3142
731
130
58
75
4
446
66
3070
4661
461
76
785
231
165
34
9
840
88
2880
361
47
1068
797
25
244
5
1456
0
5
2259
2016
2857
835
705
450
929
26
1070
797
3227
392
151
40
3012
59
887
2164
700
557
243
0
3046
477
886
224
11
851
4
113
8
215
139
660
2460
1287
48
3732
517
2667
94
246
12
2161
1
28
1854
515
202
1
64
1466
3175
0
0
1637
1106
62
443
575
3573
2594
97
9
992
87
1500
802
586
1923
452
322
2051
72
77
683
2592
632
846
6
3126
8
6
2978
940
297
258
3706
2445
37
64
270
801
64
0
325
260
106
695
3676
1348
3364
675
13
241
974
1164
2187
62
311
283
805
6
965
209
155
2932
22
2292
2474
294
3771
123
541
358
1577
1119
2108
69
6
203
132
29
0
562
338
374
15
1007
88
19
600
1131
2761
11
56
587
79
4047
3994
345
266
1673
4120
974
1166
54
1
3088
665
749
170
305
2485
77
1149
2280
590
50
11
2069
1276
0
601
145
458
68
93
245
52
270
22
278
515
1704
1513
650
929
1632
3208
14
127
322
120
1904
212
2937
342
2660
423
44
634
1
1170
415
722
293
859
37
1329
552
0
51
3
83
33
1418
671
1033
49
16
2075
2895
65
774
503
643
1
113
42
1649
1
196
487
311
1497
1282
375
1275
46
0
3827
61
353
156
0
52
472
97
0
1277
1149
798
45
112
20
1440
692
11
72
395
1592
19
3764
3
968
2016
6
1100
733
0
187
1467
2460
1600
1273
5226
0
526
364
1959
164
224
176
1369
2
1795
648
1906
974
1369
681
21
3853
29
2474
569
68
3
2573
797
691
429
203
945
2660
886
27
4357
75
793
1688
2500
687
35
0
96
418
52
755
317
63
1633
123
382
569
30
988
1852
963
57
1276
16
27
53
667
36
15
13
26
629
1333
14
1927
0
139
675
49
23
620
416
772
176
189
552
4406
362
62
1358
147
635
47
372
173
1547
0
1441
2715
52
20
24
4204
74
1186
2501
64
190
134
0
682
11
74
161
54
4105
313
0
769
162
575
139
968
512
74
3384
410
2529
606
1073
70
643
1533
21
171
495
49
1275
675
7
37
2236
1977
517
0
665
432
1399
140
3
1147
2460
1372
675
1095
1169
31
2379
631
276
585
16
2552
2
440
2
138
529
153
256
6
81
1637
4164
735
81
125
1522
4197
2329
3
8
844
243
953
1618
180
3015
702
569
707
4
225
8
1364
261
238
1425
94
6
26
1522
167
1186
1333
4066
3
72
1409
1369
1575
1972
631
922
0
1120
1369
1774
476
6
1014
1040
365
20
775
0
2593
8
116
534
0
1990
2709
6
257
953
493
2822
306
19
392
3413
6
15
489
885
76
0
304
1214
0
5108
1419
178
259
88
3231
195
3
11
0
190
57
707
796
31
99
529
879
79
215
97
233
39
497
3545
970
264
437
1203
2
855
3182
226
338
4130
772
257
50
74
2655
63
21
209
160
170
1114
34
3605
809
1366
425
139
3364
22
217
160
55
2496
203
1556
43
407
417
83
3225
11
393
34
2611
10
226
212
20
517
1285
1014
0
97
1899
1922
299
1751
1100
461
734
886
1023
3008
415
815
986
0
513
388
517
83
481
25
2249
581
160
0
413
1014
21
229
68
2000
820
903
540
69
609
338
970
31
2442
107
567
447
1509
1740
472
2485
17
2425
6
414
1751
2668
754
251
576
2290
18
1285
1007
1219
3744
8
2852
3197
234
683
416
1575
1075
367
1128
1128
4
612
12
1836
2048
2344
42
1577
3220
1476
375
277
32
1323
3466
11
3110
3520
1319
209
541
232
0
176
11
404
15
441
184
14
2
378
3473
1336
31
375
609
843
1132
20
52
2377
149
53
50
619
363
449
123
47
1200
285
1678
3070
193
165
16
416
182
2507
1330
749
1577
4
24
31
152
1404
526
3104
733
977
447
1737
1467
1801
41
280
2108
7
213
17
575
1481
1381
903
1327
2913
3341
322
83
123
51
156
25
3
21
845
2266
1678
647
1218
168
601
3
48
1169
152
552
83
15
24
775
26
722
58
1735
3458
38
3311
1108
96
8
0
196
123
2573
25
1
359
2605
67
68
797
1027
176
517
711
1899
72
1359
587
2485
12
16
19
177
22
1886
57
60
1411
648
44
233
3796
2660
1443
1430
495
1021
551
2153
39
546
342
27
1369
64
2940
557
268
1906
75
414
33
107
101
244
503
0
24
6
197
8
1276
2135
749
820
380
188
267
2
2
40
155
4322
172
8
1995
500
0
823
328
3171
363
288
214
104
3733
2961
390
703
241
6
761
378
1524
74
3046
39
7
123
2069
1214
2016
1340
61
14
72
573
1277
484
1281
822
3744
83
287
737
115
60
106
1823
2616
1
999
1470
2021
26
15
1120
2714
1345
683
971
819
352
545
1171
2
156
1325
1
0
805
27
3412
17
3452
224
427
0
320
271
17
74
3399
531
719
204
219
27
3
988
1143
148
517
60
2513
17
1120
1990
282
220
161
66
5
71
8
51
244
57
593
543
2010
974
135
88
675
968
1285
252
10
1206
5
369
2709
5
815
198
275
110
138
418
471
398
2
957
3163
479
915
5
1528
1443
1407
4406
440
957
77
2071
12
254
2055
50
121
40
3773
660
922
268
2878
63
546
413
446
863
53
10
252
319
24
1970
1087
144
103
128
797
25
4
1289
1
1
6
353
1330
575
466
990
2350
147
62
15
1419
15
1447
1505
151
74
1369
161
2249
1336
0
3015
183
320
1337
326
272
0
72
196
2
1862
2485
288
3684
244
48
1292
3047
1573
747
328
22
2517
220
33
86
661
500
1108
703
33
186
508
283
2422
953
797
2065
402
2811
6
1307
988
3394
51
1408
18
402
1035
569
74
2672
33
102
209
26
15
325
312
2714
20
866
10
22
920
756
673
551
0
948
3713
503
288
142
3627
83
251
998
4221
133
5002
512
390
1572
517
1958
57
72
1166
4113
825
923
2485
923
1740
1036
1780
4
104
178
1760
11
383
0
1851
0
3883
382
1849
66
1024
1763
2347
3310
92
1774
265
3545
1325
4
1
101
34
12
928
1426
77
59
3170
17
133
0
1580
15
36
764
2114
6
893
3
759
14
283
43
1369
35
80
1358
499
0
87
1250
1369
186
207
19
0
1549
2952
1107
25
2374
861
54
192
328
179
101
1286
0
870
895
1921
2
2564
879
1847
416
673
3790
184
612
371
285
10
24
897
83
1369
266
609
1929
1233
270
267
551
1533
37
132
20
446
1647
9
546
2
1132
1230
306
545
498
123
1913
1200
3
238
695
965
1577
1580
1230
143
36
299
1
196
414
994
29
2370
3413
0
3806
1608
39
457
4
1572
153
289
8
1549
873
3
637
21
135
2161
402
401
1318
87
2249
609
796
200
1
2830
651
734
1
6
35
28
1656
135
8
2
0
232
2
0
1071
4468
489
0
4053
2
468
2472
31
342
313
156
252
4
1356
973
519
150
3343
1546
145
8
3303
16
674
0
923
891
946
151
458
2063
86
1066
17
319
70
519
585
2069
170
40
108
2785
376
20
3085
17
2001
1577
2660
10
37
131
484
1857
678
263
585
3061
1422
138
0
63
265
2339
1865
596
77
691
33
64
102
41
242
597
728
10
31
337
1365
100
2810
585
0
478
337
142
88
2162
613
21
994
377
1369
251
62
468
196
168
77
93
517
1818
241
604
3197
230
58
1633
834
1
1125
189
575
180
698
81
1103
27
2051
1630
3160
123
44
744
728
9
31
2507
3652
395
1757
1015
72
258
11
38
34
21
2062
3994
86
215
1431
264
15
1422
1823
26
123
739
944
2660
1239
48
58
2010
378
0
94
699
2399
3182
1841
763
1587
1497
114
123
848
20
155
1369
244
2769
41
395
769
1422
1183
1699
2398
1297
1267
747
952
763
2864
1577
1168
2075
190
119
895
1365
41
2326
511
215
549
447
110
25
1273
4
110
28
10
1577
1990
3728
6
55
10
156
312
1139
88
59
241
1488
13
42
189
555
31
68
557
545
125
1203
1038
625
739
10
0
1780
288
3098
244
673
60
1580
575
1311
1577
15
22
207
150
805
68
647
100
34
1709
551
3806
20
176
284
1060
3473
76
868
226
3853
184
1962
295
8
88
14
51
11
14
551
1329
0
190
2525
1172
724
875
994
101
820
148
114
62
3185
196
458
1150
612
100
642
82
625
190
160
43
825
0
1537
49
1788
378
3040
845
233
107
37
1372
158
551
346
519
3395
2922
0
788
282
6
319
6
356
302
4
0
572
549
565
62
956
588
4
2992
995
7
0
20
226
1827
0
19
87
8
1716
293
245
83
1021
27
951
135
0
2758
734
5
4076
529
2647
148
276
63
848
0
121
1524
125
2413
4357
691
0
615
796
2605
19
0
67
1962
33
114
3008
0
2954
358
561
843
31
1471
42
768
2016
244
486
0
165
111
843
11
16
49
388
569
585
543
1228
2429
177
1014
149
134
797
311
433
215
233
1149
189
9
1618
19
1327
1
2
8
517
18
482
753
137
58
3670
68
416
391
270
2216
233
963
177
30
3355
108
16
545
48
335
721
19
1
335
1696
102
9
2
262
4
1286
1744
1369
353
39
2192
407
3586
2963
445
2179
954
15
3129
1796
93
58
317
56
953
1990
917
13
3564
47
0
501
1383
3500
82
380
1287
197
153
691
609
887
2806
923
1708
361
430
1
4109
3
667
409
1
757
335
6
145
845
798
42
903
464
1071
897
1049
0
1456
1018
885
529
1083
34
255
40
294
382
1474
515
2
202
543
1970
3456
39
2356
11
3
69
1548
5
198
123
196
22
242
457
172
154
461
1827
2
1916
464
139
404
1385
91
209
1256
202
150
328
3384
3
2327
748
2474
258
1531
1580
1558
163
798
173
18
0
10
1021
352
2033
2
24
101
1024
1041
210
15
628
3010
691
1237
344
340
585
3
1975
122
462
608
2161
71
10
549
457
35
1072
3503
4124
2293
440
582
1929
1369
1391
438
0
14
634
0
38
305
1906
673
203
750
1998
1
145
499
70
792
283
3412
245
17
2810
196
1214
28
619
343
47
1005
234
748
2398
112
62
237
2259
18
769
1519
511
4
3
3744
252
14
2232
51
252
2605
97
340
1275
902
84
1441
2605
749
1
2252
1
0
15
7
27
743
1337
2707
1596
675
3564
769
675
1071
1411
53
504
929
363
868
2
88
1497
650
2215
356
189
3235
5
5
120
515
30
61
2303
39
135
103
80
359
1098
262
86
1208
2509
92
769
0
190
497
3117
2926
873
65
2065
608
796
2764
1014
58
1213
2660
23
3011
820
79
2196
339
170
282
22
173
145
404
172
12
9
6
2130
691
2460
10
3
11
3
1018
2108
542
1947
352
2460
650
1522
1098
1128
668
163
4556
1481
363
1954
0
2971
176
510
4407
1379
1003
67
12
176
4
3026
5
255
755
2864
403
115
843
1524
1
647
19
345
393
9
102
157
1289
2551
544
2756
501
115
842
3399
64
832
1906
1641
1961
44
162
575
21
1419
0
703
845
99
196
631
2
363
2259
2255
158
88
170
5
158
43
1389
798
3
58
4
992
118
4280
116
1206
1446
57
53
990
505
338
1
4474
1927
177
0
6
9
585
10
7
691
2954
675
177
245
753
18
480
48
12
0
2527
434
1237
845
3680
126
11
190
1186
1
263
648
605
1796
263
23
156
11
1367
1251
1026
7
1139
0
361
161
11
178
16
2
968
274
2
1183
974
1549
17
1265
575
1796
25
562
3
92
2448
70
241
0
3423
60
271
4256
105
1929
83
354
343
64
674
1432
342
2063
2126
2226
540
220
187
1591
284
2403
1658
1577
2720
189
1
97
402
158
2616
399
716
797
15
142
5542
83
2138
3168
2660
140
1214
2239
2769
5
4164
139
498
1701
540
526
614
1317
1958
97
80
14
220
462
117
237
0
1572
2760
1497
168
312
585
2913
60
3566
246
389
540
1840
4230
48
94
2660
680
1389
1581
26
308
0
716
22
3070
897
1795
19
458
605
15
15
1422
73
253
24
940
0
2063
0
1062
30
325
4382
8
33
1125
325
3
145
1243
267
51
3713
2958
844
46
140
67
3
32
3797
2961
215
1391
634
7
0
3564
119
160
437
6
923
1
2609
529
6
158
1457
3780
353
1
3
11
547
3473
1005
81
40
229
526
59
2063
1844
360
1472
1577
1622
113
753
34
3061
1378
2920
15
3070
1921
730
743
2237
3098
208
138
51
3806
922
1523
0
1884
569
364
12
3533
103
471
99
72
1275
1285
39
4247
227
27
409
1211
1818
2668
77
593
26
473
77
3070
12
0
150
260
40
347
811
15
56
134
173
187
482
166
2793
2
2954
11
11
416
24
1909
8
139
2063
8
3574
1070
1737
446
0
1369
546
203
133
10
2507
255
176
2717
295
1323
2954
826
61
197
14
422
189
1039
125
288
8
26
952
531
17
156
614
388
4164
380
545
209
797
144
0
1333
168
2281
963
209
820
868
634
252
1661
1523
1285
13
245
1104
328
230
1060
229
62
317
377
43
1336
2992
3744
2636
3744
0
176
1654
796
772
393
702
2616
325
1918
2511
526
165
111
352
121
602
1656
177
19
16
1962
198
53
36
612
875
785
1340
1104
25
546
389
769
21
1691
1019
650
434
109
1422
3907
0
2033
192
12
1847
1522
794
1737
813
2251
3315
1369
1021
169
1419
20
3423
3744
2660
608
728
2
145
1156
184
3
1128
3521
151
381
68
82
256
81
323
45
1764
120
1
1221
416
1440
4
612
107
857
254
886
103
444
1470
82
2660
929
1935
107
0
0
48
576
153
1476
4
0
10
74
3670
72
4
33
129
4761
71
52
642
358
1430
2010
267
8
430
47
32
16
6
1476
184
69
196
378
75
1051
197
2616
91
645
26
0
197
9
1597
854
0
1381
10
1497
3
12
68
283
33
2395
3166
564
319
217
0
284
2415
844
981
1683
1953
1018
57
726
38
418
248
265
551
1688
968
1304
261
329
311
2416
4225
3652
0
478
2
1724
3225
3449
358
1031
2134
520
102
2326
195
1760
4
134
1906
660
1548
315
315
287
42
30
104
517
493
2164
0
0
3038
6
1577
398
228
796
691
2897
312
108
524
289
481
2816
2509
1
527
854
608
963
835
77
189
164
1712
0
258
39
1285
817
578
246
178
611
2852
802
565
871
634
234
1074
199
282
3003
2054
1458
123
1021
1091
215
446
10
26
6
382
2577
1487
226
517
3484
999
16
1802
1275
310
1369
500
59
544
647
3937
553
4164
820
637
170
39
493
1723
3104
241
120
3047
480
380
1362
14
2064
58
754
148
549
104
26
140
581
1680
1481
12
16
1290
19
2
121
891
422
4163
96
1372
81
83
377
0
132
805
35
8
204
144
2117
12
291
2660
940
100
2071
4
160
2946
2714
370
343
42
1486
1238
100
4062
209
5028
91
1958
1638
417
3201
8
258
140
585
1
3827
1041
43
125
123
83
358
128
515
227
13
609
781
353
769
0
915
1294
333
2108
2060
251
416
3
2
1806
1031
0
416
2
4342
843
2660
1078
0
358
34
1570
1506
3992
1590
264
393
3011
87
0
580
1038
721
3566
1466
733
1618
1816
2207
2339
14
1369
0
735
2
1500
40
481
110
339
83
796
855
515
0
102
379
2660
2016
3110
2558
675
3640
1178
585
394
99
32
3544
978
2716
634
174
42
32
725
635
8
639
2280
275
0
2660
4
1933
93
23
886
769
40
824
64
634
0
58
988
499
3
3471
593
934
585
1007
186
5
535
984
106
12
112
3125
76
288
632
3303
2132
477
226
2147
0
1041
59
924
813
2465
55
132
2954
0
847
2144
0
294
1909
1169
37
19
348
88
219
193
575
0
463
608
586
13
1809
2661
0
3160
564
1
196
16
123
3126
3806
4286
11
3635
170
2
252
1522
29
180
325
1906
1
2327
2123
370
3732
92
1049
4463
258
280
215
140
7
1695
364
3924
3680
135
458
968
82
44
84
1230
252
4348
49
551
502
593
1066
1062
88
13
3859
388
264
1353
410
390
1282
3907
1022
2192
3
2449
2760
207
565
0
170
3
62
2588
872
527
0
3364
87
591
15
1369
973
321
33
4164
304
88
2117
3070
483
1417
1371
611
2660
268
16
1295
2539
3780
2179
2588
788
4290
474
405
53
1715
631
27
3
673
618
115
286
158
177
65
815
33
177
264
2684
1166
1205
585
8
1672
106
258
1654
7
322
389
1148
3992
0
722
680
575
721
0
72
349
0
2559
634
80
5108
14
2826
749
45
44
867
3171
826
196
5
843
2659
151
13
59
625
340
932
691
2029
31
25
322
3
22
74
190
284
259
4653
15
2626
895
6
252
4
2857
196
220
472
2
2822
1699
2261
2660
769
1
1823
753
749
234
1548
4225
16
736
213
886
3208
58
2722
2286
631
1556
359
661
110
25
227
616
1
2555
1369
68
491
724
11
92
3062
735
6
1005
688
1125
832
2351
1978
548
1108
903
64
305
133
965
2192
315
13
0
1345
1214
2660
581
150
115
1100
756
5
1757
231
16
3
15
3544
3227
4
406
1361
524
227
1618
17
575
29
138
41
1795
285
485
5
27
1702
77
1211
3471
15
566
80
0
3
0
251
119
386
14
825
2
156
1545
3436
132
540
151
2663
990
2310
1
1168
84
660
1952
76
1179
2660
1737
1841
263
169
6
605
1
361
2
70
233
377
408
2485
25
3051
847
7
64
2468
673
148
193
244
524
2016
340
121
2135
3390
110
4382
1418
1219
140
498
763
209
1358
59
625
1006
142
585
2953
1
1114
251
14
183
2835
86
45
13
1798
10
2890
87
2207
430
511
335
1039
29
40
84
17
6
1889
486
433
10
0
1908
59
1911
173
292
698
733
472
67
1485
95
325
625
755
427
2529
461
8
2200
3170
3394
536
145
3937
768
1645
165
4280
988
118
1109
84
510
125
33
0
1795
79
2961
0
1371
771
523
58
280
61
716
39
1783
34
224
1658
619
0
1018
3771
2134
1559
843
443
546
72
2711
1177
8
187
1542
13
2756
431
378
696
673
2
1596
104
3066
2254
919
123
2102
934
48
727
873
288
264
1580
614
0
678
2370
1958
9
77
254
25
4
1177
773
16
1389
232
559
934
491
4474
1
673
2611
7
1342
92
527
8
1379
471
1247
9
299
246
299
535
72
1602
964
2259
432
22
1
2827
1041
780
1550
547
204
2236
359
585
26
47
46
1840
892
3910
0
1231
479
214
1106
585
769
1
158
1205
2660
713
363
1457
1024
11
342
100
585
3744
1108
498
251
1114
1421
1751
2071
1001
77
769
773
547
212
953
3354
2327
1039
642
2735
2259
1871
115
64
736
797
1533
47
19
1271
3303
73
0
64
11
749
68
24
1170
968
529
1327
535
513
311
23
0
981
233
1577
1008
2558
1434
17
585
2407
1843
0
306
7
650
481
376
34
1533
47
229
609
845
2330
282
25
1579
131
2623
169
1362
796
1796
49
583
490
94
390
192
2204
69
40
3744
594
749
8
2379
196
64
43
1311
198
40
89
1091
645
21
1508
561
453
2591
3108
1332
1060
1605
2
372
523
139
576
1265
1273
3911
49
12
185
1514
2371
1799
35
1080
1480
217
3992
186
115
1166
12
1115
33
266
0
721
0
1014
1223
216
75
0
226
266
210
5143
2
226
509
278
450
140
57
184
20
2616
0
23
264
3126
1522
37
172
565
1408
2561
517
56
9
1036
56
752
1820
7
405
20
1724
2294
1
65
474
2282
102
79
61
163
2926
609
477
189
752
3
840
24
4
215
2147
1079
640
3449
988
1473
230
80
104
253
4109
134
2
1871
30
1091
38
65
0
1147
176
245
362
687
2075
205
1758
929
3
0
1448
233
501
78
87
176
886
2
64
1155
871
38
1953
769
333
431
517
260
663
263
33
480
11
11
1041
47
45
500
8
234
843
585
345
0
3627
1636
966
892
54
847
0
480
2906
60
8
34
5
7
943
0
288
510
204
871
17
14
380
111
136
61
3918
150
22
1961
2660
1303
189
564
39
1665
1219
51
2207
2655
1818
822
122
1676
148
106
83
21
1636
310
2112
4386
1636
1740
21
6
3041
622
175
156
362
1766
423
408
58
361
1683
220
0
133
1440
73
93
230
140
270
2071
3412
21
41
847
2071
52
229
0
1788
34
1073
867
7
87
749
2830
25
526
176
1889
495
29
107
343
93
1249
1369
96
3015
1474
892
0
1816
11
125
581
915
23
1494
70
3114
1218
39
1066
17
796
190
626
1014
817
1394
1581
460
0
0
1577
229
50
0
455
553
69
691
1176
6
309
3244
7
75
1187
1618
1448
1559
304
3827
107
1909
1
15
1477
10
555
575
158
1285
2529
557
409
95
378
219
499
0
611
1007
10
2143
903
363
1685
416
954
125
2513
342
4642
0
413
220
517
902
1073
17
1770
11
924
3586
288
2
3
40
230
1408
0
497
317
343
1737
1
196
373
1007
39
647
886
6
1166
1211
198
757
1550
673
634
3225
0
1514
10
338
2327
1577
0
121
57
15
55
121
268
25
581
1002
1
3853
548
19
629
73
2522
14
1961
769
403
2359
211
376
56
164
3640
2660
1018
416
8
587
1
10
148
752
84
86
1587
432
22
3
58
87
947
485
106
342
968
4
1312
845
49
90
622
1237
859
235
10
177
226
4342
341
404
1125
2660
58
1324
20
2660
1107
1071
3732
2
148
166
1852
2367
39
23
70
0
345
1100
855
398
26
1998
631
71
2485
59
1544
3
2467
183
591
27
2398
16
1508
389
489
4
2415
544
1259
599
1990
52
673
50
680
534
2432
1167
0
622
643
1
2564
1946
626
10
650
52
3744
209
321
2063
125
402
3533
276
1066
65
30
1759
1186
0
6
1005
2177
2857
333
39
183
385
1150
11
166
2311
204
53
1592
0
1128
93
820
546
669
81
1103
322
418
691
104
420
4415
227
1990
458
6
622
3133
0
485
1634
798
1156
6
376
1108
4290
0
3395
89
2339
1455
1580
2339
1138
51
73
269
1014
309
1796
1677
2863
91
0
843
698
64
38
3744
8
322
519
31
1263
8
81
473
2
608
553
34
10
113
3
609
0
1
376
176
153
144
1323
1
280
0
1580
999
410
2773
142
103
335
576
178
311
26
1016
16
0
755
703
40
4382
487
928
243
445
1600
691
1135
2033
216
353
674
0
3281
504
16
2707
1219
0
213
82
48
19
0
13
345
388
183
3
1038
2017
3995
5
91
867
20
142
176
36
662
64
0
25
403
164
28
1550
1574
73
2954
337
1216
19
1432
10
965
89
631
753
1481
1399
473
3399
204
115
703
1906
1419
363
1244
0
472
2015
422
80
27
2422
35
75
16
0
17
461
0
43
21
197
182
0
438
3
499
885
282
37
673
1323
40
39
16
227
17
256
2075
37
1998
0
82
91
64
125
88
3355
7
84
1271
796
498
1542
934
971
3121
1047
1040
4280
687
1066
0
16
64
143
823
266
36
2958
1271
64
98
363
602
2531
0
284
452
1108
1607
608
1587
1151
96
39
575
707
17
2
988
233
22
781
2688
15
822
17
1611
4280
249
381
2
400
503
158
184
3068
28
6
26
1230
127
30
41
227
1599
27
1569
306
956
2177
2
133
304
70
101
97
1247
20
8
735
974
0
144
5
252
15
210
843
2379
541
70
4
2780
737
416
2192
18
64
562
2091
1149
134
184
2611
2611
50
2573
4382
1470
2460
832
866
1138
2
2648
1522
560
937
198
5
305
2660
1085
481
2878
121
4787
280
306
673
180
752
0
450
228
750
776
2421
63
154
24
63
575
3061
0
64
3500
1
227
0
237
334
3
410
75
12
234
191
0
317
269
703
600
431
2350
796
1050
395
1668
45
178
1340
1796
545
19
552
300
4
117
508
158
557
25
3061
2011
472
270
1500
40
953
472
244
886
1202
2
1073
1228
4505
822
45
1203
903
2
797
1171
13
227
990
2303
303
499
915
14
215
796
1513
3182
301
38
84
1446
918
36
196
20
1716
113
1580
2611
1577
2467
2485
18
2234
3797
458
122
129
660
2878
201
204
84
970
110
20
10
1243
131
3175
1108
666
11
0
79
1
15
749
923
845
77
76
64
820
1271
182
44
1990
1636
63
32
2626
186
237
1788
431
300
3
3363
71
1128
60
204
3
40
353
651
27
116
3598
431
1341
19
895
788
1742
509
244
625
963
7
1580
69
767
657
209
123
4104
2971
843
4474
1430
848
3713
57
19
236
196
3013
2880
2199
688
1318
1282
1854
142
705
103
17
152
79
1975
898
1998
3
8
1060
819
547
353
278
14
659
1106
162
0
64
65
379
1376
326
547
2259
1356
725
33
511
1740
1267
149
1575
1589
244
42
56
77
177
1630
96
461
21
708
304
358
63
990
212
57
3068
2807
1852
743
13
348
0
26
0
8
102
127
0
293
6
461
291
1247
68
6
523
26
301
15
716
57
1290
212
9
70
2051
301
1703
81
2937
820
10
447
429
397
1933
113
4050
0
3773
635
979
3296
80
3680
145
1848
12
19
2192
1696
404
14
2251
415
177
1492
2760
1073
3500
1151
382
97
2
2346
1780
1
4235
1
37
1071
576
215
12
16
453
2511
1038
1355
1186
334
2387
555
158
377
650
503
142
88
1065
728
288
3
2
7
818
379
123
8
543
4
24
54
18
123
0
9
3544
6
58
1473
1186
149
616
2474
7
1399
39
1880
673
299
84
809
2827
748
170
626
16
1080
160
859
207
622
797
44
748
15
234
2728
132
683
1150
3417
1373
1
3047
2259
294
2
68
226
209
3806
246
16
2444
3838
140
2945
100
1981
325
495
717
192
1718
0
224
646
70
0
7
4
1067
263
0
450
5
27
632
12
80
381
796
1317
9
1141
32
1018
1283
0
1285
843
2758
1355
19
231
15
208
1630
363
1135
28
172
81
2151
0
1419
414
735
143
93
743
3774
990
1237
581
2304
20
8
157
95
872
8
478
389
3995
32
1314
762
1823
229
317
619
8
69
329
974
2
1129
3
283
1675
269
725
212
1144
0
1818
24
0
0
1225
517
39
542
715
304
3592
1252
129
222
609
564
664
442
602
4420
6
752
0
382
173
4053
35
115
70
380
45
4124
1186
1365
2370
134
75
2350
1622
915
2
211
94
683
2663
8
44
0
2711
923
1384
1298
3015
215
377
12
2660
797
286
54
0
843
2978
196
4
1173
381
376
3
4407
65
176
2
30
21
20
50
356
48
499
416
929
390
152
227
1511
838
12
944
88
100
1387
480
210
299
99
404
888
36
115
1575
109
2138
7
3101
1185
93
875
1693
93
71
27
478
238
553
111
1575
157
298
14
204
612
197
406
5
1141
1290
52
1548
317
95
83
24
254
4
805
585
57
0
859
160
2186
599
306
910
1927
3
1
850
26
493
2335
992
2511
1613
482
307
69
4280
335
2444
2171
133
1119
243
788
103
80
2875
13
226
0
425
4
64
2155
321
1214
1577
1192
394
19
5396
1451
478
122
24
1208
1
4164
139
1
197
11
15
47
634
428
4
575
432
574
21
1497
3640
253
192
1422
704
1132
32
3796
1390
851
4168
2813
91
40
52
27
1945
258
2
1867
91
788
172
249
394
2524
23
797
116
2281
10
2354
102
362
193
3417
584
58
103
1419
18
2620
68
3603
1288
425
390
1840
96
363
69
132
0
3806
1131
121
391
3396
272
229
1320
2199
734
120
327
388
1493
3284
6
46
695
796
1212
811
1
1169
2933
2760
797
948
1251
69
1353
779
5
3603
305
265
796
16
1014
177
737
13
2770
678
1991
700
304
173
10
609
1115
716
495
8
319
16
32
84
142
725
4163
513
482
21
2672
432
775
2199
1030
2161
1852
457
3
458
3
377
29
552
1733
249
2572
615
957
140
797
913
981
281
1899
131
663
2652
820
11
475
3
413
139
1369
3842
317
6
4
1230
1676
356
890
325
2162
2329
793
0
796
1550
5
334
123
3395
405
845
11
19
3
58
749
1369
797
1387
189
165
775
134
14
158
0
862
857
80
655
822
378
402
1186
1071
514
36
1068
1419
335
2
144
2
0
6
1871
258
111
409
0
1561
2986
221
121
316
11
7
1305
1921
759
1394
40
4197
905
11
913
634
8
2667
1740
792
2163
2835
2864
1572
114
115
362
542
1334
842
0
45
143
880
15
3110
16
2048
1990
394
1990
735
2326
847
476
294
587
3029
2990
207
765
3547
0
1147
9
1467
115
1780
64
3148
686
660
59
416
2616
106
1394
20
553
3061
2
0
18
102
3
282
4474
691
7
2252
1696
148
347
229
176
631
48
135
573
190
2606
612
2717
43
13
211
3
1003
1369
235
51
1169
21
51
169
1247
241
4193
0
1356
775
797
557
1477
2920
632
245
1
3013
189
1325
3640
1818
1273
99
258
761
511
447
1230
190
0
1425
101
125
28
859
0
170
2549
1634
289
123
6
266
33
3450
615
2077
6
39
534
19
186
636
220
121
2952
2099
1014
478
809
173
39
659
0
390
45
19
0
1138
1337
3338
673
87
1064
444
650
12
4180
1485
647
1561
2609
1005
117
2350
9
727
444
2660
197
0
465
114
3744
1554
456
769
248
16
960
313
210
673
0
870
519
2192
58
1531
19
1365
337
26
95
1434
2864
34
999
665
1385
611
1550
846
2950
217
819
631
392
3053
1445
5
61
434
115
1882
37
1701
3423
1555
1458
335
309
33
548
290
465
0
202
0
1203
196
1772
16
9
134
52
193
67
18
922
1228
566
6
12
796
102
320
0
1692
2349
1760
39
1007
495
2143
24
1847
218
420
140
1770
6
297
41
0
328
11
347
244
10
138
267
6
2098
1129
33
2182
893
2179
105
4
1
177
756
994
1524
2032
1519
534
3883
3061
15
64
136
258
244
446
734
0
344
4
161
2179
151
19
40
144
349
246
1577
253
37
854
2770
145
737
17
511
216
1871
2954
84
973
3423
43
48
26
843
2636
52
389
918
3
532
24
274
561
918
575
1886
1336
94
3744
1120
1671
0
390
325
3
190
1
343
253
2087
2051
0
1422
106
606
805
48
83
5
2940
1954
0
647
1387
345
2016
889
1114
67
1372
197
1233
2
1440
582
797
45
1577
184
37
110
123
6
1577
0
173
1
2085
158
372
158
6
8
940
26
1802
642
652
1840
539
19
482
2051
1788
3790
26
8
343
0
1
88
545
695
1673
50
1045
1187
1962
180
49
1169
1555
380
876
1042
156
2339
7
635
10
64
3339
62
2698
990
178
1205
243
4
324
673
1549
512
2030
16
963
143
608
717
255
56
4356
498
956
608
123
135
80
14
1
10
1411
309
431
822
1783
0
229
213
445
474
308
6
2810
581
68
1
3744
107
305
31
81
8
1945
222
1319
210
210
2207
215
1740
0
88
3395
311
2824
4
380
10
145
1138
513
654
35
596
84
1252
166
335
974
4290
1498
337
3008
553
94
40
139
79
2253
3806
13
9
0
36
2891
151
879
376
403
340
3859
18
149
35
504
87
573
1467
266
923
575
88
0
1594
737
2194
1
16
3171
418
69
16
823
190
1514
1705
1425
19
0
1329
940
422
186
310
44
208
1728
148
523
45
145
87
820
871
2817
21
100
385
913
724
748
626
536
34
585
1751
3532
637
134
2347
2150
189
988
656
1696
1391
25
70
122
1577
30
3629
2339
517
304
73
47
85
763
703
15
737
15
12
622
0
246
335
2281
360
2
1577
76
76
3116
1770
2398
1203
3175
328
5
317
1718
909
48
101
5002
1098
335
73
966
1391
203
3176
994
999
6
1009
77
33
230
1074
2677
375
805
957
16
51
48
835
230
749
797
1877
650
121
2324
2085
19
1528
952
3
750
3330
88
1005
2
