288 2 8888
0 1 0 1 0 0 0 1 1 1 1 0 0 1 0 1 0 1 1 1 0 0 0 1 0 1 0 1 0 1 1 0 0 0 0 0 0 1 0 1 1 1 0 1 0 0 0 0 0 0 0 1 1 1 1 1 0 0 1 1 0 0 1 1 0 1 1 0 0 0 1 1 0 0 1 0 0 0 0 0 0 0 1 1 0 0 1 1 1 1 1 1 0 0 0 0 0 0 0 0 1 0 1 0 0 0 1 0 0 1 0 1 1 1 0 1 1 1 0 0 1 0 1 0 1 0 1 0 1 1 1 1 1 1 0 1 1 0 0 0 0 0 0 0 1 1 1 0 0 0 1 0 0 0 0 1 1 0 1 1 0 1 0 0 1 0 0 1 0 0 0 0 0 1 1 0 0 1 0 1 1 1 0 0 0 1 0 1 0 0 0 0 1 0 0 0 0 1 1 0 1 1 0 1 1 0 1 1 0 1 1 1 1 1 0 1 0 1 1 1 1 0 0 0 0 0 1 0 1 1 0 1 0 0 1 1 0 1 0 0 0 0 0 1 0 0 1 0 1 1 1 1 1 0 0 0 0 0 0 0 0 0 0 0 0 1 1 0 1 0 1 1 0 1 1 0 0 1 1 0 0 1 1 0 1 1 0 1 
31 285
18 192
10 212
65 260
89 243
9 264
83 177
107 222
115 257
219 244
105 288
78 266
78 250
87 226
204 252
217 241
225 268
9 11
20 259
135 234
27 40
83 236
262 282
39 273
52 239
52 250
4 195
31 162
76 81
54 91
78 122
75 152
61 283
117 183
108 172
35 112
66 241
27 67
120 137
172 204
36 258
119 166
94 137
66 115
37 125
31 213
165 226
89 236
56 182
158 173
89 153
283 284
21 149
93 259
201 271
120 192
164 168
176 184
153 288
135 256
121 205
170 199
95 211
147 268
101 218
140 245
69 178
92 118
28 155
153 155
51 160
172 252
4 65
47 51
59 272
100 257
140 270
115 229
45 237
76 278
141 176
166 246
93 247
137 167
45 191
125 270
109 280
24 97
73 89
92 127
89 246
179 268
75 98
130 216
180 188
32 156
87 190
118 248
4 279
12 118
71 242
42 266
151 259
108 270
187 215
30 228
244 256
170 188
112 287
157 234
28 199
47 209
109 139
68 130
46 204
13 109
146 155
11 148
192 199
15 236
132 258
73 126
15 92
231 259
197 269
99 138
85 142
230 277
6 50
34 147
4 192
49 115
21 132
7 246
79 201
107 131
166 167
152 196
22 141
254 283
50 240
81 108
208 242
120 264
51 207
121 240
122 141
72 140
105 259
182 231
55 104
90 134
40 271
55 87
67 202
195 257
56 155
28 173
63 238
62 126
22 210
35 114
98 209
38 178
18 196
82 189
6 164
105 154
69 207
31 47
184 224
27 194
198 205
173 209
74 108
81 176
214 260
178 180
65 88
199 282
39 129
51 113
38 38
219 266
145 229
37 103
52 192
36 270
5 173
85 90
153 179
105 245
36 195
7 264
171 253
86 168
81 192
95 268
30 53
70 211
57 241
17 233
179 255
35 271
92 229
236 285
20 268
77 215
126 128
54 136
31 81
59 259
42 151
43 74
22 249
80 252
155 230
10 251
194 287
3 269
28 51
67 187
94 227
5 92
87 282
189 197
50 143
127 213
1 8
93 276
22 282
163 206
97 140
89 199
196 237
53 100
19 154
115 169
46 177
45 155
79 257
144 189
22 119
234 260
24 32
126 145
193 199
81 229
208 235
115 198
77 102
34 157
39 226
63 151
141 253
52 114
58 112
8 263
135 186
67 281
92 259
170 278
117 143
76 126
61 224
216 264
230 272
32 209
139 267
21 133
187 248
91 179
130 142
107 268
106 197
92 243
34 74
166 237
127 151
24 167
142 276
55 205
85 150
181 235
46 243
66 246
66 232
87 246
68 270
5 48
9 221
65 85
124 182
14 138
103 261
57 75
77 78
140 268
197 284
4 280
4 184
95 98
106 179
8 205
250 260
155 159
43 108
11 22
14 145
42 183
8 17
32 107
54 129
11 223
204 284
52 95
18 229
3 193
28 67
9 236
143 182
32 117
24 217
25 72
186 200
97 186
43 160
13 276
146 181
83 215
79 258
233 239
62 130
26 119
222 287
82 108
85 163
29 250
121 204
19 178
11 35
124 187
25 281
157 251
167 178
108 285
44 127
251 285
24 209
87 130
46 283
47 271
18 149
25 85
44 53
172 178
16 97
33 261
37 90
77 274
21 106
56 158
91 171
161 164
26 136
173 254
153 249
105 287
43 181
50 154
35 52
171 208
18 233
28 123
151 170
14 281
2 198
241 272
63 148
133 264
44 237
192 216
64 73
39 258
95 247
49 176
88 158
211 280
102 246
107 209
147 277
88 230
78 119
108 207
82 207
233 282
10 119
130 173
133 216
130 210
249 253
129 283
51 92
221 261
37 64
24 137
28 41
24 62
148 273
152 187
29 100
184 221
5 66
28 36
149 202
17 133
109 197
27 147
60 149
63 236
110 279
78 204
173 186
158 225
153 225
157 221
187 199
249 250
8 181
21 231
125 225
84 141
184 258
14 23
28 178
9 241
137 165
239 262
113 141
14 26
213 220
28 163
92 120
52 185
57 58
22 188
121 176
14 182
29 287
88 155
90 153
156 161
183 213
89 136
70 245
54 108
77 78
97 241
79 184
130 243
67 245
44 198
172 198
187 245
142 252
2 134
124 277
15 21
112 194
161 272
159 238
93 127
92 269
19 177
112 124
123 125
11 241
78 191
93 173
247 284
118 158
10 265
139 141
99 284
50 95
83 256
4 257
76 217
24 274
169 187
71 76
81 151
154 213
125 213
21 169
27 197
9 223
155 201
37 181
79 144
45 200
46 265
192 274
133 171
88 246
98 288
37 261
199 237
74 184
4 109
135 217
71 285
113 232
126 269
74 282
162 274
21 157
59 211
123 233
201 258
144 214
36 171
179 209
103 229
119 141
88 195
105 245
165 237
148 160
219 286
2 70
65 235
10 12
183 241
4 200
249 270
73 185
68 86
54 56
136 217
5 65
153 199
133 197
262 273
27 272
89 229
54 223
2 215
154 183
1 145
3 246
119 251
40 136
194 210
190 252
126 133
155 284
96 271
99 242
180 273
110 160
193 199
109 143
107 192
119 285
6 187
36 183
121 197
77 277
270 285
40 80
14 274
38 129
75 172
105 162
213 278
244 279
91 207
143 285
196 236
165 200
75 278
145 275
239 267
111 216
259 271
99 115
9 161
191 231
114 217
1 255
136 178
169 171
4 46
37 48
75 271
89 118
122 138
106 214
102 241
54 90
173 233
49 277
190 243
30 232
125 219
175 243
142 179
27 29
2 109
85 178
49 264
32 232
9 47
108 183
63 197
98 234
2 72
49 135
206 277
229 239
15 225
60 133
81 255
13 59
128 147
74 138
227 249
34 102
92 180
158 189
28 181
147 217
147 231
155 223
154 216
28 38
109 182
205 257
32 152
12 135
176 222
73 160
4 80
7 121
239 266
103 209
210 286
89 198
11 112
8 23
5 265
140 179
72 280
41 271
60 108
83 279
54 121
124 284
93 146
39 119
138 284
17 154
71 135
49 196
9 240
45 231
169 188
124 160
26 61
58 213
124 244
68 280
36 98
138 166
41 278
26 218
43 185
128 195
68 121
60 226
107 283
101 198
67 71
20 116
13 44
39 221
136 185
124 189
152 172
38 188
155 248
25 90
170 251
5 204
80 123
2 169
3 110
199 268
159 235
118 221
142 198
120 174
103 195
70 108
26 222
5 184
60 192
14 250
1 119
191 197
214 245
152 179
32 137
92 225
82 101
190 208
236 272
49 149
89 259
42 204
53 126
73 104
182 243
102 158
39 167
153 243
81 89
131 237
44 54
110 202
92 164
31 265
17 235
38 204
34 227
145 261
95 261
187 244
10 225
6 50
83 194
62 251
38 181
71 191
91 236
58 58
238 264
201 264
54 241
74 211
11 173
95 129
41 241
2 4
6 139
179 256
206 274
13 111
226 233
49 176
97 203
21 78
103 193
56 98
25 52
5 80
54 140
229 258
70 163
106 157
81 218
94 200
96 285
109 247
23 149
80 127
111 112
33 144
9 190
84 222
140 209
72 194
39 79
98 214
1 283
10 215
115 279
38 281
11 81
193 257
228 233
115 205
272 288
104 170
85 205
135 259
192 199
217 243
92 197
162 227
19 212
49 242
73 211
194 207
69 168
116 273
68 218
20 273
231 264
36 80
53 179
66 111
141 207
64 203
16 133
177 204
68 275
126 258
218 282
113 281
210 270
39 278
225 240
99 233
33 76
131 132
13 64
45 267
6 261
210 263
142 147
40 41
70 185
49 118
48 240
114 199
59 108
11 177
64 275
28 108
3 214
232 244
40 84
80 93
25 107
79 116
14 264
223 273
218 274
5 256
117 252
55 153
72 264
163 171
278 288
243 244
174 278
39 251
26 207
206 244
72 240
1 186
61 102
56 274
145 159
40 102
38 206
144 271
32 42
57 206
41 64
96 217
130 283
258 263
7 26
199 256
5 241
79 194
15 265
117 123
196 278
111 161
23 166
34 275
204 252
129 277
98 187
115 188
111 198
48 242
28 283
110 220
138 165
64 83
173 281
145 288
127 156
36 280
4 87
24 107
68 275
235 285
147 269
74 77
55 100
47 141
209 231
13 113
62 116
222 277
6 246
193 285
97 192
236 245
15 45
153 159
12 94
22 91
133 223
253 262
138 181
102 161
101 209
102 107
165 169
144 273
71 259
83 210
133 186
79 256
17 258
77 119
154 181
201 278
64 185
15 116
41 104
32 181
132 220
15 67
21 226
109 222
108 277
233 240
18 176
97 277
16 189
221 251
22 62
44 247
3 75
77 217
105 249
99 144
181 242
3 81
39 177
48 52
232 232
9 31
17 108
161 231
52 231
239 244
42 68
69 263
111 133
52 201
112 145
91 216
194 248
206 214
59 170
14 43
71 257
186 200
10 52
204 230
40 231
105 172
60 109
130 264
70 116
237 265
107 148
231 252
61 172
88 157
136 228
188 224
157 186
180 228
176 228
12 281
103 176
2 189
150 258
69 232
96 271
109 247
189 238
185 221
170 219
137 171
189 191
46 110
133 235
41 47
72 202
67 240
86 172
8 264
94 106
46 280
158 264
27 153
5 272
38 276
75 210
10 233
190 202
41 128
223 257
35 50
40 93
138 191
2 65
247 258
46 285
161 227
180 217
25 31
162 204
34 285
165 189
160 193
15 175
86 158
25 129
104 180
11 52
120 130
220 267
48 88
277 282
266 271
106 107
34 221
141 249
9 268
82 209
150 153
55 247
92 209
55 84
185 198
20 60
115 287
53 236
29 115
127 200
162 207
194 266
79 267
109 190
123 179
54 89
115 248
10 190
68 159
9 28
101 232
49 54
229 256
121 164
5 282
207 210
165 250
170 282
86 258
107 164
134 272
91 158
40 287
48 270
146 276
23 192
41 173
33 210
12 85
45 195
53 272
17 220
193 211
2 170
143 281
46 116
76 181
15 224
3 145
113 205
118 272
4 14
261 263
6 257
138 140
56 238
133 141
182 261
96 124
42 235
162 283
179 222
113 236
111 242
69 186
99 148
163 274
188 265
89 163
44 68
103 206
5 75
40 238
40 245
75 160
82 156
14 248
108 133
13 78
145 207
171 238
130 249
49 270
17 79
12 269
93 196
104 165
26 133
241 242
20 236
52 284
9 222
110 195
105 198
58 112
110 269
44 231
163 278
4 244
106 202
105 134
126 169
111 224
238 276
141 153
141 233
191 217
89 121
75 229
114 136
194 216
118 268
38 246
36 255
35 75
48 160
55 283
57 283
203 222
13 93
70 267
144 157
107 268
20 232
186 248
27 73
268 272
16 246
63 197
232 286
92 118
74 250
61 242
2 22
68 138
155 203
35 81
24 224
60 191
56 223
82 277
135 214
212 266
82 133
34 283
135 172
78 196
65 288
20 165
253 261
63 268
112 183
177 268
194 227
242 259
69 76
2 287
192 212
100 206
9 251
52 64
67 184
41 183
189 281
264 278
212 269
166 205
25 162
180 202
131 225
63 277
217 228
63 78
48 266
4 36
2 154
95 155
244 250
182 214
133 175
22 88
6 258
179 288
40 108
36 98
36 130
77 251
34 102
158 159
48 269
187 213
140 166
170 182
180 198
138 283
97 264
18 199
57 236
85 135
52 238
68 259
41 273
162 223
201 252
34 254
128 239
103 273
92 151
222 248
249 281
2 217
141 283
98 238
22 83
14 82
3 273
173 224
114 158
125 275
127 258
113 213
144 175
67 206
197 205
98 137
48 147
12 179
88 134
19 47
190 196
82 186
250 288
44 192
79 202
63 101
33 44
223 258
134 248
91 274
92 256
81 286
259 284
11 21
99 123
106 118
43 86
9 9
113 243
8 42
240 276
35 44
90 193
198 215
137 242
283 287
228 286
186 216
56 158
254 272
83 162
121 160
99 277
69 124
126 166
40 231
60 102
29 160
105 207
276 282
3 132
37 226
7 143
191 199
216 222
78 268
189 216
233 244
77 232
216 274
40 191
33 275
219 230
133 157
53 66
16 210
88 89
109 250
107 250
52 228
39 202
146 257
144 189
58 66
60 140
104 115
121 230
115 125
150 189
203 257
51 82
35 135
148 277
65 198
26 136
194 248
24 94
33 233
4 42
59 268
170 184
159 200
164 215
80 99
53 179
141 254
111 165
161 212
1 95
24 129
90 192
47 235
8 206
20 281
75 220
48 62
168 234
88 164
1 11
209 285
16 255
109 130
128 179
135 139
6 254
4 200
20 43
134 261
93 196
132 235
159 201
12 116
83 149
11 31
29 228
18 158
61 284
50 247
75 264
49 99
155 269
177 288
111 176
12 47
50 179
38 248
119 203
162 203
71 173
56 169
116 245
106 223
22 30
100 229
52 270
76 92
92 254
80 167
184 277
144 202
122 281
114 119
90 106
192 261
102 226
187 215
62 218
125 269
63 83
269 272
32 82
91 199
142 252
102 201
11 268
9 16
134 151
139 183
97 125
98 184
55 185
4 232
36 213
4 127
7 91
50 101
52 95
198 263
53 147
228 228
93 208
17 246
52 188
123 126
36 189
40 49
138 215
217 263
46 82
142 245
151 190
189 234
120 284
150 166
118 143
73 234
80 111
8 236
102 217
142 175
2 250
193 275
136 287
264 276
45 78
137 273
108 239
117 231
20 114
35 251
191 274
193 253
82 109
249 280
74 141
176 239
51 77
212 261
33 178
3 48
26 32
168 176
24 266
4 130
168 271
102 222
101 245
146 201
62 220
197 232
145 217
43 67
24 131
42 273
158 280
37 174
17 252
59 243
17 172
140 201
7 242
200 213
33 177
148 165
30 260
120 129
69 226
179 231
155 197
170 222
171 180
272 284
60 137
35 72
174 235
284 286
119 261
32 154
171 254
6 131
152 270
138 282
167 184
108 232
1 123
156 276
36 91
154 277
47 227
217 263
71 225
44 153
159 272
187 206
20 218
136 178
34 84
11 147
58 262
67 168
45 277
219 264
105 252
1 233
246 268
20 263
122 222
89 235
136 187
98 123
118 251
60 65
27 200
43 172
84 136
156 243
61 194
23 59
94 227
105 263
32 199
140 227
127 157
27 110
109 249
78 213
104 154
168 281
40 181
54 170
78 181
69 268
4 97
112 221
154 170
180 283
9 40
205 220
183 266
48 244
27 111
30 111
88 155
57 253
73 265
144 248
15 181
33 95
74 153
71 92
86 231
44 138
217 277
162 250
14 235
17 147
233 277
71 164
173 260
8 69
180 223
66 190
111 128
225 235
192 234
162 193
126 222
4 211
48 96
113 259
17 259
47 170
131 208
29 175
240 254
46 231
18 97
2 277
265 269
150 209
127 170
151 265
151 219
56 138
161 262
60 137
59 230
159 244
83 229
185 231
72 112
107 243
213 264
173 176
241 277
167 215
17 31
12 60
185 278
96 102
16 242
66 155
93 180
138 153
71 246
116 227
62 260
25 64
3 97
136 188
240 256
59 103
220 276
107 128
44 277
52 224
173 229
66 107
99 207
120 161
128 180
62 260
32 121
60 89
68 180
255 282
230 287
168 188
20 132
58 127
154 224
27 160
39 190
63 261
17 37
166 222
33 41
141 227
162 237
176 243
79 216
227 266
62 278
99 113
64 152
67 161
8 161
14 221
95 174
71 268
38 135
219 248
23 90
9 73
19 193
79 227
38 221
15 130
236 258
31 130
73 280
12 269
30 193
2 18
4 21
73 223
10 124
33 88
90 189
92 282
93 186
61 117
22 38
9 12
216 266
68 151
87 139
63 106
160 235
51 52
105 177
71 270
197 236
5 63
83 220
201 262
106 191
38 173
81 240
6 257
215 265
26 88
49 251
66 67
110 239
61 215
123 164
94 235
64 158
189 263
27 267
28 207
106 238
32 135
103 123
182 195
29 220
237 266
191 270
64 221
19 179
215 275
90 126
34 179
254 288
3 230
227 268
29 60
3 179
84 199
47 257
103 244
65 124
27 62
13 267
34 222
194 244
89 127
24 287
160 232
19 142
11 186
91 220
122 274
62 85
178 238
50 232
1 218
77 269
214 275
224 250
37 89
66 153
202 263
91 206
98 209
66 179
29 232
35 268
100 142
32 285
69 259
88 153
8 68
25 72
34 276
79 215
93 202
172 188
105 154
52 108
54 270
212 248
4 246
171 286
95 156
19 276
51 269
252 264
174 205
41 251
231 266
104 193
62 238
23 115
229 281
178 216
78 128
4 274
12 265
122 248
225 247
193 222
64 282
74 89
29 158
258 270
141 155
85 256
28 64
92 119
142 261
35 55
105 278
222 228
147 211
3 122
58 94
14 102
145 277
7 119
189 252
200 271
49 189
114 135
77 124
223 242
32 80
225 284
7 64
207 209
106 113
38 273
17 250
181 228
121 153
39 127
51 243
23 82
126 146
166 192
8 23
149 226
25 239
26 44
79 103
1 223
16 247
168 234
21 269
75 208
28 180
89 177
9 11
116 129
264 280
50 249
45 260
84 159
9 192
59 168
139 273
126 246
65 150
70 247
22 150
98 203
33 143
141 206
5 267
182 212
25 84
207 265
220 244
70 239
157 262
16 147
34 105
59 269
13 144
21 212
70 244
48 235
80 176
102 227
272 283
30 93
153 175
29 161
197 227
146 252
271 280
37 244
244 284
152 185
173 252
105 283
47 140
20 229
81 226
130 256
243 260
65 213
15 177
14 254
68 105
2 11
185 234
68 110
97 188
167 243
139 287
129 223
111 272
71 207
108 202
84 100
77 245
7 37
62 135
51 287
80 158
106 152
34 232
186 199
72 282
2 117
34 142
222 271
60 154
98 287
9 274
31 123
30 61
183 276
152 239
156 229
152 224
67 251
109 220
262 269
160 237
16 166
8 227
77 269
115 127
53 276
129 144
12 77
64 245
122 203
46 169
12 92
3 220
114 286
2 16
116 133
67 269
89 174
164 263
67 181
162 222
110 114
159 202
129 195
90 132
88 113
85 272
121 127
81 288
14 218
123 218
44 281
165 278
116 231
70 124
125 184
47 66
223 247
85 157
64 267
114 180
121 271
90 135
86 105
160 255
152 223
207 273
92 105
57 132
161 287
80 142
174 277
35 148
70 276
74 146
142 145
150 263
5 268
96 153
165 203
42 174
128 237
103 222
101 163
136 189
61 203
106 165
2 176
133 250
48 109
103 274
146 189
105 171
3 49
47 143
35 85
70 134
121 255
42 266
29 195
59 235
16 19
81 276
135 138
29 286
61 113
227 242
203 288
212 262
102 125
48 49
9 225
60 79
76 222
59 256
172 209
22 217
2 287
163 269
5 268
102 116
29 63
21 271
192 260
128 192
217 242
10 167
3 80
145 277
50 64
210 251
117 217
36 41
155 278
91 167
88 264
28 145
23 131
156 216
176 217
97 212
96 286
101 154
25 108
88 116
67 126
80 231
141 150
85 223
194 224
34 230
20 219
71 124
17 69
212 257
118 181
152 273
81 186
74 240
27 148
14 225
121 173
167 228
80 254
36 174
32 70
18 258
40 264
47 286
52 76
90 254
95 218
57 84
110 116
192 211
102 188
94 125
118 251
155 158
83 105
94 250
61 144
20 161
21 156
91 190
104 161
98 138
17 146
177 255
230 270
73 271
88 213
84 271
257 275
234 262
30 256
170 234
5 65
51 137
42 216
36 245
107 149
72 186
162 248
246 269
104 200
124 192
81 175
172 204
103 181
92 132
62 199
134 210
78 147
160 183
144 163
152 196
179 194
55 209
120 277
169 235
106 125
147 250
126 142
12 122
256 283
160 249
53 235
221 246
178 189
41 48
47 231
3 48
129 281
217 247
177 187
157 217
187 204
101 149
88 264
222 259
58 166
162 234
46 82
148 195
165 250
16 192
74 238
44 225
156 224
85 244
64 201
79 263
31 164
74 108
278 278
207 232
160 283
22 82
36 240
125 212
180 269
56 180
85 245
60 96
160 204
180 241
72 265
61 201
44 125
16 255
81 240
36 212
37 184
6 24
52 120
18 161
20 82
94 96
80 174
57 211
154 257
92 213
114 164
82 164
156 173
95 150
93 241
105 172
148 225
129 284
111 138
132 168
87 198
84 128
223 258
99 174
174 234
105 278
97 261
49 227
123 280
57 287
199 285
143 238
86 221
230 239
77 253
18 27
186 189
1 96
16 84
89 96
5 47
179 234
169 171
66 240
6 146
48 153
212 221
147 270
251 269
31 216
7 73
100 128
84 239
104 266
111 234
187 281
88 262
65 125
202 259
182 265
30 104
84 99
13 91
130 206
149 270
229 269
219 254
64 131
157 212
32 281
57 84
18 128
108 186
129 175
236 280
75 97
10 166
185 283
92 282
3 23
256 277
26 61
29 251
54 164
157 245
176 245
58 279
231 285
105 212
79 148
79 87
23 49
144 148
62 110
75 195
126 177
33 268
8 236
38 116
211 261
281 284
102 128
188 219
1 185
28 150
64 199
211 241
34 227
153 185
93 213
46 79
4 156
34 281
45 47
71 139
89 180
73 97
185 245
135 166
187 199
185 285
239 255
10 198
53 154
45 286
110 136
200 269
132 248
144 192
25 99
168 262
56 145
12 246
225 233
100 159
3 267
36 52
61 168
21 98
68 278
148 234
96 168
49 116
21 255
24 195
120 238
74 243
205 273
171 225
10 98
89 272
177 188
20 148
139 146
101 167
206 229
6 22
83 131
34 252
196 275
154 178
22 179
181 220
284 285
43 46
193 258
143 161
218 246
225 277
87 272
153 227
166 199
153 154
183 219
135 168
75 267
222 278
124 218
36 277
57 274
156 156
53 203
46 89
165 193
15 37
85 222
103 274
49 100
12 201
111 188
41 159
147 236
75 87
2 27
93 170
18 179
219 254
3 110
34 157
187 261
73 166
1 15
22 59
50 107
167 235
134 203
47 171
128 261
74 93
88 276
82 277
9 270
251 274
117 244
34 228
66 139
44 173
252 274
144 263
62 246
72 145
106 204
82 226
14 104
48 162
90 155
62 143
59 150
135 284
145 197
162 204
185 260
192 225
175 239
251 254
81 218
71 274
130 133
189 265
67 254
92 248
59 76
169 222
176 241
67 73
138 286
29 42
13 243
46 170
32 78
7 96
36 44
146 244
22 96
180 269
96 152
92 191
51 287
91 107
19 197
9 174
7 137
34 254
16 247
60 81
89 183
74 263
30 87
15 60
68 174
22 94
37 70
101 180
207 280
155 190
157 234
68 111
72 212
146 184
73 120
94 178
98 178
48 88
155 271
21 103
58 242
37 235
61 141
59 66
99 274
145 287
97 253
208 227
41 246
33 210
65 159
186 216
130 264
129 251
63 64
162 229
41 266
79 84
172 182
134 147
61 241
21 198
20 183
119 142
114 276
21 152
114 126
264 282
65 127
101 151
236 278
40 148
57 190
90 261
10 253
46 268
50 204
66 233
120 168
172 269
24 267
105 159
106 219
149 283
33 103
258 277
60 265
75 288
210 246
15 261
48 183
58 119
154 223
196 204
61 176
6 250
9 284
94 117
160 205
72 101
93 244
125 131
94 281
146 212
90 157
61 277
34 273
52 124
96 173
107 109
100 125
70 195
142 143
1 285
11 237
264 287
74 226
183 270
149 179
138 240
179 257
169 254
167 275
66 98
79 251
41 268
207 221
12 56
167 275
23 131
99 244
31 211
17 86
76 171
81 248
43 110
166 231
180 241
76 160
12 210
58 198
165 274
66 285
41 154
220 272
185 220
233 271
263 274
138 235
4 32
74 287
19 286
192 277
157 190
160 282
92 148
165 220
38 70
206 219
161 274
210 242
27 231
149 217
107 132
119 268
63 190
116 134
40 109
132 149
130 280
185 186
271 281
24 194
81 277
74 273
60 169
62 179
26 117
72 191
50 82
167 284
81 196
12 252
30 116
14 61
139 166
18 246
139 170
2 123
59 250
138 249
4 103
61 135
257 267
4 207
89 174
128 260
123 187
12 27
128 250
201 209
159 208
92 107
24 81
151 194
171 285
34 241
62 211
55 85
25 272
149 237
8 224
214 257
200 270
187 202
52 233
202 205
8 32
110 277
171 265
127 192
134 137
107 144
117 278
40 273
138 142
34 35
113 264
26 177
95 131
146 224
87 179
34 271
44 252
129 168
171 186
26 164
124 159
2 168
153 271
58 162
107 283
53 150
50 117
24 185
98 135
170 212
128 241
40 241
76 180
110 221
45 63
48 278
104 115
83 93
66 276
80 212
148 208
79 150
23 268
31 216
212 233
107 144
172 247
33 156
217 264
156 156
9 81
62 137
237 274
164 281
26 269
30 195
31 261
119 235
199 215
131 206
33 173
155 283
2 205
181 218
11 79
114 174
23 135
164 174
130 246
162 224
136 194
36 256
225 241
85 286
10 221
63 139
27 272
228 285
7 95
186 260
83 265
123 250
42 223
70 112
21 32
184 247
58 118
194 218
189 197
177 277
176 255
160 245
218 234
29 173
136 174
148 168
187 282
41 187
8 226
203 217
179 211
181 286
61 106
12 270
18 273
212 282
140 217
116 270
22 276
63 197
112 257
173 201
202 205
29 258
86 186
91 208
101 152
157 225
45 245
102 135
86 237
5 211
186 288
208 239
189 207
97 284
64 199
252 258
84 190
141 200
48 126
73 114
156 203
38 90
39 71
173 248
226 241
74 140
113 204
58 228
7 180
59 170
39 160
7 187
31 247
51 68
182 220
158 231
149 193
87 276
94 160
40 267
205 280
50 261
69 153
243 284
171 283
53 56
106 247
148 224
29 147
218 281
27 145
1 24
93 251
122 209
95 96
165 193
273 278
94 142
244 281
68 221
60 161
56 172
45 88
22 47
48 229
45 272
9 36
89 204
148 236
153 251
142 149
127 176
69 100
24 172
218 225
198 254
46 130
11 79
76 249
18 175
150 219
81 239
102 127
75 80
18 265
89 123
38 115
82 138
76 79
40 70
100 179
126 171
166 170
9 151
84 218
103 213
248 286
80 127
243 271
109 254
127 221
200 212
187 215
117 203
90 244
6 23
31 275
173 178
152 276
67 258
83 95
54 174
62 181
137 145
14 72
12 184
33 240
104 275
123 257
9 287
165 172
115 205
8 83
27 187
192 245
67 118
132 188
101 260
232 239
115 284
39 137
93 280
32 169
94 259
15 123
154 172
15 262
149 176
8 219
113 206
74 113
115 123
48 248
62 190
33 149
199 282
216 265
119 249
49 262
129 253
267 286
13 285
63 105
20 138
101 275
22 211
29 143
153 183
13 15
131 169
6 86
210 235
85 194
188 265
47 89
25 202
155 209
131 223
25 131
226 248
83 217
83 274
67 183
244 287
64 200
108 125
63 91
108 137
142 247
48 84
12 35
121 134
49 79
58 166
92 229
170 192
26 213
79 83
18 66
121 236
115 141
19 49
44 149
104 177
149 259
195 249
138 207
125 230
1 277
142 229
15 55
13 176
110 162
178 286
104 131
167 239
14 68
45 191
207 208
7 175
42 249
64 93
97 119
102 119
15 273
196 232
33 187
19 208
205 243
4 59
142 192
26 29
118 216
19 31
113 151
72 121
139 169
10 269
41 113
29 36
140 256
207 267
106 199
155 210
153 276
179 270
195 234
43 268
26 107
45 247
18 117
26 172
141 173
41 146
2 177
133 149
221 269
88 182
155 188
113 249
59 174
268 279
1 24
34 229
107 284
50 131
261 266
10 109
175 248
62 218
208 254
169 179
61 205
38 241
60 194
59 175
41 186
79 231
72 89
41 237
93 197
21 94
167 265
122 137
22 213
73 85
68 154
85 95
132 185
69 161
96 149
35 92
77 95
229 263
123 282
8 268
74 189
228 266
209 265
86 261
9 268
63 255
230 237
33 51
136 266
88 145
126 238
47 198
34 82
62 276
55 175
74 167
78 186
120 126
204 270
113 124
132 273
162 229
190 254
53 213
214 259
51 63
14 38
87 265
26 79
20 166
28 167
15 271
245 253
39 84
92 233
99 265
54 198
60 238
54 147
36 165
209 209
18 159
93 254
56 214
29 127
82 98
140 273
39 164
35 117
111 128
31 136
242 244
90 287
130 148
143 189
168 248
92 100
50 226
14 230
76 100
149 203
127 239
69 158
15 215
172 251
149 170
30 116
21 246
71 86
242 266
26 120
167 278
73 116
166 168
78 159
96 245
188 195
3 279
80 245
8 57
23 90
237 272
1 244
124 175
245 257
157 172
245 247
39 107
226 268
81 187
94 216
58 82
61 114
71 161
53 191
161 203
24 77
199 242
47 112
76 107
109 201
51 287
151 276
115 187
19 111
83 237
61 66
131 261
63 286
145 213
92 163
11 266
93 214
160 225
114 146
143 175
22 215
159 196
86 104
162 224
183 240
97 153
5 149
1 22
9 239
27 140
10 172
172 259
154 210
31 264
208 224
133 204
186 240
137 165
39 239
129 188
35 204
181 212
76 168
191 267
228 270
59 285
271 284
153 238
65 95
35 248
146 162
139 212
95 159
9 25
149 237
105 262
79 219
172 176
107 147
66 237
56 227
110 189
64 235
23 152
114 203
145 250
129 256
85 227
10 237
109 196
1 113
17 151
1 6
105 188
48 122
52 132
173 213
9 102
201 222
4 179
127 214
53 117
33 36
28 113
77 218
187 204
155 220
221 252
10 204
52 160
96 228
184 284
11 44
104 205
16 96
72 198
2 21
9 188
63 117
71 166
151 231
58 221
82 270
95 179
49 246
196 212
6 218
82 98
121 210
64 236
11 202
89 203
183 253
151 247
89 288
41 63
105 258
155 278
30 192
37 284
96 108
18 240
53 280
120 175
96 204
42 122
42 189
84 213
88 164
70 206
13 154
194 205
120 230
233 251
20 203
65 248
53 253
85 109
83 262
42 276
37 200
63 144
131 211
205 224
122 259
30 265
192 206
58 279
29 267
135 281
156 218
8 95
90 145
33 37
173 232
268 283
35 121
53 68
18 94
164 222
158 171
104 112
19 107
39 280
107 268
16 39
149 219
162 251
99 226
106 245
158 181
74 107
14 219
176 230
100 130
205 233
148 251
107 172
185 267
207 249
62 96
1 148
208 272
42 192
61 278
109 177
165 220
97 116
21 111
123 184
29 237
22 163
163 285
80 259
24 29
53 71
120 146
111 159
16 163
193 286
69 286
62 181
9 134
148 229
46 209
14 181
26 208
147 168
77 157
29 223
216 229
72 131
233 261
105 200
128 283
5 166
97 228
130 266
63 270
17 256
50 117
100 144
48 102
68 104
83 141
166 188
52 58
155 172
77 203
39 229
6 193
11 116
72 226
117 167
19 121
275 281
202 228
77 233
102 152
190 288
101 139
53 66
227 244
6 119
210 229
29 147
29 74
54 211
26 263
157 179
31 251
34 184
139 183
24 34
121 122
194 252
156 207
46 249
200 223
140 147
131 218
24 214
151 181
73 115
63 187
106 240
188 238
37 134
102 208
66 237
93 134
42 180
26 133
49 245
211 223
84 104
20 38
191 247
54 79
19 178
161 197
133 165
48 186
39 137
189 219
52 113
11 246
49 252
21 168
29 197
106 186
111 246
98 187
25 222
223 260
88 190
166 238
154 181
100 262
141 171
69 275
151 245
112 170
100 280
233 270
121 211
57 85
154 206
150 192
211 270
135 238
220 226
222 246
151 162
128 187
52 64
64 198
24 189
163 286
83 199
83 167
208 258
36 93
233 239
231 239
166 191
136 196
21 280
58 125
20 35
44 224
170 264
72 75
106 229
30 101
16 231
128 217
172 250
9 66
138 185
44 288
8 234
15 103
3 113
90 147
168 180
80 190
119 206
92 243
196 231
3 207
223 261
124 133
132 180
99 285
101 244
83 278
129 279
164 194
185 202
93 135
9 109
115 252
56 131
142 282
58 189
36 282
247 281
180 240
6 113
112 155
66 104
135 181
51 212
46 251
179 182
99 235
59 220
35 222
52 79
238 258
121 269
75 266
52 183
100 205
74 201
101 218
29 106
48 133
137 264
86 91
77 137
14 173
212 216
153 155
180 284
223 247
30 264
205 220
8 254
122 191
197 280
259 265
123 196
209 276
202 217
197 233
1 249
174 267
25 141
12 75
197 267
22 53
113 118
82 216
95 241
169 225
151 237
61 101
25 234
254 284
17 158
46 225
97 165
173 237
226 275
155 191
276 287
155 196
199 210
102 129
27 95
43 75
73 175
154 244
18 208
32 167
86 142
209 242
59 174
154 276
107 256
25 85
112 122
53 203
243 251
162 238
13 230
128 141
130 232
65 132
113 187
27 63
193 242
34 123
135 237
9 90
264 269
3 126
68 288
180 269
89 218
279 287
93 271
22 168
139 286
1 274
173 260
3 128
236 287
83 279
84 98
213 278
18 210
1 37
3 46
138 165
17 264
171 285
41 170
111 170
39 255
48 90
146 241
179 255
145 235
122 226
94 130
118 128
56 114
132 199
33 65
71 245
146 287
80 135
118 164
144 191
76 195
194 215
194 205
25 191
217 222
16 19
12 21
33 114
134 271
49 143
129 229
85 225
77 286
110 162
7 42
224 239
91 252
127 144
92 234
42 187
14 61
196 234
99 262
224 275
3 177
106 267
182 184
61 275
226 276
15 89
108 250
3 71
211 281
92 100
169 209
197 258
223 234
7 198
52 244
138 218
33 281
28 96
33 72
129 278
70 284
122 274
134 230
110 193
65 92
20 228
169 240
58 85
231 280
177 288
127 208
32 184
101 207
245 269
168 223
167 247
190 257
54 245
126 242
77 193
30 222
112 184
25 249
145 158
29 194
81 215
14 255
61 97
8 173
50 70
3 85
101 238
98 188
43 76
62 262
237 267
183 226
41 88
45 75
242 259
9 80
207 278
73 266
73 94
175 283
161 175
125 145
19 146
16 126
156 260
43 141
75 81
148 271
19 254
134 211
164 238
116 169
35 275
214 249
108 183
4 129
7 271
83 131
11 284
16 113
15 102
115 263
36 134
110 285
225 267
147 177
111 261
4 245
133 262
47 165
45 243
46 167
79 271
14 147
51 211
249 267
141 185
5 56
32 211
38 58
70 151
53 54
112 284
252 258
12 264
54 122
91 277
213 246
31 152
106 279
85 288
33 263
189 231
10 196
31 103
51 287
13 170
156 162
179 185
71 119
146 177
161 179
150 269
130 275
48 95
212 239
10 247
240 270
118 168
255 256
51 192
241 257
72 98
1 107
70 251
61 73
72 189
132 138
154 269
169 189
184 255
111 138
65 218
111 134
79 118
14 177
183 276
21 26
127 166
11 155
97 253
166 226
118 182
63 81
103 103
12 191
47 274
78 228
189 215
25 229
90 206
61 98
178 236
183 258
159 217
69 119
16 160
136 139
5 130
38 162
109 283
281 286
20 231
4 123
75 242
13 90
152 255
26 275
206 269
48 145
117 192
157 223
28 45
165 179
21 145
96 137
93 263
43 108
71 174
61 242
7 155
172 246
37 93
97 186
2 175
14 40
207 250
98 117
139 236
102 256
54 67
111 211
54 60
106 243
114 269
119 188
49 133
194 285
85 133
90 255
1 146
273 279
80 149
104 214
99 234
77 256
46 196
32 193
238 276
159 185
108 190
90 95
85 148
136 230
151 279
253 282
36 234
21 244
138 145
36 285
125 284
15 46
5 90
68 84
88 237
113 168
18 82
195 208
14 188
148 264
179 188
162 257
193 211
87 143
47 232
18 92
43 128
20 180
194 237
3 179
176 283
136 262
41 87
54 58
4 197
107 210
145 251
85 90
164 177
108 132
41 69
46 202
180 223
23 36
231 238
133 135
3 63
253 269
21 23
57 200
2 278
148 235
152 157
11 255
28 36
2 86
13 222
58 82
227 288
32 104
78 144
178 246
154 162
134 276
115 229
161 244
184 236
28 247
106 274
187 233
92 106
52 282
23 43
104 212
242 246
167 279
76 209
146 267
12 61
51 126
26 219
231 279
115 235
235 253
37 105
53 90
162 243
174 275
101 284
97 151
44 72
164 202
39 248
107 173
115 133
66 282
1 17
1 199
78 264
12 227
186 195
190 217
13 50
181 268
67 244
162 268
215 287
176 279
8 238
96 267
132 181
164 169
159 193
31 104
43 243
13 201
159 249
48 96
32 148
214 232
169 206
95 145
163 187
225 280
150 250
53 177
185 195
144 163
124 209
85 244
91 136
8 231
166 265
98 102
6 92
180 245
206 257
117 152
28 193
181 288
133 155
113 230
56 122
96 255
129 202
78 112
1 87
198 260
31 84
45 99
235 272
46 131
10 197
10 76
145 242
53 278
157 215
40 73
28 174
62 193
212 214
156 282
133 198
45 136
32 83
168 271
247 280
44 187
267 285
12 206
82 268
9 224
87 133
30 67
30 151
53 177
35 54
72 90
30 238
39 284
182 265
114 283
88 213
54 100
81 152
125 141
211 237
195 222
155 174
9 176
17 273
205 245
24 80
57 217
134 196
218 231
94 266
46 212
137 156
85 134
104 218
135 270
47 265
138 280
35 71
231 257
18 208
119 204
100 100
214 254
72 176
48 241
63 286
61 234
107 221
15 169
76 249
57 115
47 104
168 276
112 127
10 53
99 257
27 94
31 232
17 41
202 282
143 259
99 268
118 246
24 173
22 206
92 227
71 214
134 230
125 260
106 224
44 257
81 263
18 163
52 228
154 217
137 181
33 164
144 285
165 187
35 233
24 116
22 75
110 204
23 112
184 229
107 125
46 180
195 204
138 188
8 32
226 238
81 262
45 220
15 248
255 275
69 105
107 119
80 141
168 235
74 208
143 181
144 170
131 204
64 216
259 282
68 102
144 208
134 216
59 83
232 262
41 140
51 135
209 260
47 176
74 204
102 204
105 219
97 112
113 115
48 210
143 218
55 276
39 109
155 264
146 179
46 195
45 138
81 240
80 262
54 70
131 147
141 211
175 223
23 133
9 38
157 260
136 177
227 250
123 288
93 186
32 285
167 185
201 255
168 234
27 153
39 280
76 116
91 219
8 73
16 252
164 222
77 276
55 137
98 110
20 49
169 192
102 129
190 207
117 132
98 186
101 250
78 78
103 159
61 259
28 161
54 154
119 245
11 136
164 201
49 161
90 136
57 113
7 43
46 279
37 84
11 104
115 244
48 145
50 101
150 253
143 179
42 142
97 156
183 241
25 53
146 260
46 53
79 250
55 87
121 288
34 118
32 258
83 202
37 88
207 245
193 218
54 187
140 201
182 273
2 78
161 244
10 254
42 269
11 11
25 146
223 283
62 73
42 115
254 275
204 279
223 285
146 151
12 14
55 159
108 203
169 272
8 41
132 249
37 139
110 116
69 278
46 169
5 16
73 73
93 117
140 213
68 236
86 88
62 78
83 121
70 88
75 233
218 281
38 91
69 117
41 179
23 52
112 241
179 224
7 9
25 248
141 250
226 236
31 282
18 100
56 269
173 225
23 92
48 89
88 205
244 245
165 207
92 240
122 174
16 192
13 285
68 184
258 260
125 236
98 217
25 242
29 54
72 76
127 164
81 276
131 151
17 58
10 241
119 121
13 237
184 260
107 195
99 226
58 83
127 271
86 109
102 211
80 278
159 227
76 171
42 46
160 207
211 253
97 223
204 217
23 49
48 87
48 124
25 130
69 167
154 245
127 258
92 276
89 148
77 219
120 164
138 197
82 195
162 231
134 206
2 56
52 112
113 241
221 280
17 30
45 200
214 229
5 161
251 262
25 32
35 49
149 239
65 91
168 243
69 191
136 189
3 31
11 241
26 66
145 231
61 147
92 153
92 263
49 112
67 183
109 172
223 249
40 278
131 170
76 101
46 134
85 113
150 213
164 283
107 123
145 149
134 201
49 204
100 146
91 103
244 250
55 134
172 184
90 225
108 265
99 261
27 108
222 262
34 226
87 169
21 250
61 272
114 200
96 287
1 131
19 39
75 288
95 278
210 245
87 115
188 261
105 133
127 238
50 224
145 271
141 160
7 256
212 235
160 164
40 127
76 242
28 253
143 178
78 164
62 211
129 186
221 262
32 150
71 175
2 123
42 258
49 164
106 278
30 110
4 87
115 119
8 267
67 74
138 247
88 172
279 283
38 153
148 214
144 158
140 199
78 201
102 213
69 102
98 228
35 128
95 239
130 241
150 286
163 165
130 279
121 256
166 277
86 175
14 152
32 70
86 157
138 165
64 122
25 99
110 255
171 265
257 271
225 277
154 246
69 245
1 251
16 51
19 200
35 58
47 58
86 121
90 237
215 223
58 129
52 102
194 257
125 146
43 100
84 173
57 126
1 48
77 170
69 236
62 69
11 173
32 128
150 194
37 121
102 245
147 187
32 85
131 278
131 194
48 107
29 102
44 270
173 178
5 215
96 212
6 220
79 150
84 233
46 196
67 230
122 179
86 203
142 206
66 91
162 164
109 119
149 282
29 107
48 227
235 240
51 73
209 247
31 150
82 221
6 69
241 261
157 259
51 275
71 185
46 179
123 197
164 247
71 172
131 143
67 251
204 246
176 263
111 215
46 233
164 195
100 113
109 203
84 171
250 274
29 178
18 259
19 275
83 284
69 154
124 234
61 243
99 256
132 276
41 130
44 47
47 68
141 243
189 191
20 42
124 201
99 280
64 167
178 243
147 254
55 237
89 94
144 199
185 277
102 134
130 229
129 209
30 264
33 90
235 265
5 230
151 198
97 243
5 37
129 239
32 112
172 197
33 177
233 285
93 212
22 206
77 127
85 118
215 279
21 193
29 50
141 265
123 269
21 116
2 9
71 77
32 284
64 118
172 189
75 255
129 158
187 246
72 287
199 239
163 248
82 239
1 125
132 171
5 175
25 241
8 117
44 54
28 202
209 212
97 106
242 259
126 136
68 95
12 125
108 249
20 234
32 205
18 126
7 256
139 262
57 174
94 239
49 186
93 129
102 197
40 160
105 172
91 218
192 200
110 150
76 249
50 147
39 227
81 163
133 200
54 282
214 220
64 76
183 232
169 265
114 135
40 74
46 239
223 256
179 223
75 122
79 120
102 189
89 237
227 282
247 283
104 248
15 201
176 219
139 257
42 42
131 190
110 200
7 244
65 273
133 268
17 45
30 222
174 279
93 215
30 252
91 234
90 120
41 194
50 264
262 287
7 236
48 159
61 106
66 253
121 197
93 151
91 163
1 18
144 205
221 260
194 279
58 125
195 210
36 54
206 217
61 250
71 184
16 200
253 276
248 258
84 95
131 136
120 254
30 223
138 240
53 234
31 109
37 242
27 126
85 257
89 236
69 206
54 148
124 171
16 280
128 283
119 203
1 198
120 124
1 232
201 259
143 239
8 282
91 250
42 164
232 261
153 169
200 259
172 181
44 260
68 85
86 156
85 197
26 252
11 96
111 153
101 223
92 240
145 155
157 260
121 140
66 143
172 257
2 10
100 146
200 249
26 189
54 250
21 119
44 255
89 175
112 153
91 215
2 249
142 171
64 172
111 286
119 283
95 282
213 244
5 51
87 178
249 279
80 244
195 195
100 208
83 203
12 47
196 257
13 109
232 241
154 235
21 194
49 238
139 201
130 173
96 152
216 227
139 201
63 95
24 164
87 202
71 83
69 108
98 107
25 162
54 103
8 277
113 160
89 240
50 188
242 286
100 129
147 274
18 98
176 255
90 95
5 285
23 182
193 248
157 157
77 94
276 288
166 253
65 77
122 132
34 149
12 239
17 126
109 170
35 91
11 124
30 50
74 159
33 72
236 247
126 128
42 241
121 213
52 179
81 203
29 275
31 65
186 199
103 159
38 188
46 54
215 285
40 137
101 190
110 269
46 114
122 140
78 142
201 212
40 178
72 227
68 202
23 33
2 142
268 271
199 270
227 275
125 139
133 197
183 203
263 270
15 145
84 144
268 273
118 248
34 170
13 190
233 256
44 196
46 141
78 272
181 203
176 275
68 78
62 112
39 238
179 212
90 150
80 86
50 285
168 202
1 74
23 279
162 207
72 271
99 140
75 146
37 112
173 206
14 117
17 186
174 254
102 281
77 280
9 182
56 137
172 238
118 179
7 186
188 248
19 202
44 211
77 254
3 190
53 121
211 215
225 271
3 84
204 259
49 250
147 234
152 267
81 197
240 262
206 263
4 288
118 157
8 207
59 282
45 264
110 160
100 243
20 219
31 233
248 270
6 270
222 274
200 286
92 249
56 136
189 286
22 122
55 209
86 278
113 156
77 118
169 191
171 241
177 263
179 218
53 128
246 248
88 240
24 224
78 249
117 164
206 277
166 259
63 269
199 227
25 265
200 271
157 241
56 142
42 208
27 282
35 72
82 122
51 260
137 227
23 165
97 272
83 105
152 230
247 249
107 215
202 219
73 285
130 237
86 273
119 143
11 104
9 112
242 265
238 252
101 267
159 198
102 176
224 246
76 212
190 198
42 219
252 265
53 198
226 249
35 107
4 263
35 49
90 116
4 138
9 74
199 205
139 199
156 286
36 93
129 157
19 259
75 279
136 267
19 55
31 69
148 183
58 63
54 85
30 284
8 234
21 76
17 184
164 269
66 75
230 232
8 256
72 112
184 242
181 264
12 21
49 166
180 186
16 208
68 161
144 157
196 245
70 222
19 267
34 114
219 227
51 57
241 254
172 270
21 247
75 202
247 280
182 208
163 230
127 210
217 251
64 249
56 218
4 73
29 199
77 253
116 266
127 174
68 190
38 68
7 241
50 184
1 230
201 214
75 286
71 244
43 155
13 126
83 283
55 276
238 283
14 54
190 221
32 286
41 168
64 218
142 145
26 211
74 173
16 101
10 22
24 248
212 250
135 237
228 279
199 232
135 280
107 262
223 264
17 287
103 166
161 184
59 150
25 181
10 197
11 203
169 212
75 177
48 74
201 285
48 92
75 285
230 240
30 36
175 226
43 105
199 222
71 145
112 236
257 283
81 111
143 195
14 67
170 233
166 244
135 199
68 267
64 70
12 241
88 109
124 142
145 232
152 177
46 216
101 108
125 169
64 249
260 277
30 269
166 285
48 207
145 237
25 27
65 217
146 242
11 66
118 171
176 192
29 237
118 190
132 190
51 267
132 198
42 179
14 237
18 138
40 80
238 280
126 141
101 174
161 218
3 132
160 199
174 249
21 34
44 69
124 256
170 267
233 252
169 226
23 123
51 123
8 269
79 165
180 272
41 88
82 193
107 154
244 247
147 285
167 218
38 232
86 219
171 236
80 199
91 218
140 243
147 216
118 273
64 218
107 262
131 146
34 90
110 233
22 103
211 264
28 155
219 286
7 42
187 253
3 78
166 195
104 267
71 281
34 283
66 262
36 284
143 143
82 146
68 231
136 262
149 259
155 238
55 174
49 250
169 253
57 236
38 244
190 286
210 269
191 233
31 110
157 195
163 266
52 202
109 167
62 78
96 116
59 237
24 71
88 119
220 245
175 272
13 137
46 158
128 279
110 233
115 134
146 242
139 230
145 262
87 104
56 210
16 147
57 170
137 208
4 41
95 267
26 282
86 87
48 227
191 250
258 280
74 242
87 258
56 162
49 208
160 286
44 234
53 286
98 264
111 243
129 181
77 243
111 128
51 284
37 283
45 263
81 177
12 123
22 28
62 123
91 240
131 189
205 211
70 207
34 269
14 61
196 278
147 176
26 74
202 260
156 200
73 143
95 127
72 257
199 245
251 258
87 239
143 231
105 271
263 273
46 145
207 243
42 157
117 175
129 256
85 130
111 190
58 219
139 179
49 258
40 160
54 225
206 243
102 104
262 265
37 72
148 247
17 72
38 201
256 274
169 172
185 194
198 231
11 241
54 93
229 239
241 279
84 130
16 284
152 195
73 108
43 151
189 262
12 180
17 208
33 93
36 47
55 148
108 136
97 123
208 221
153 163
33 201
28 78
11 46
196 263
34 118
30 75
72 209
8 63
52 250
228 274
17 120
127 152
262 267
6 64
8 18
116 264
151 263
65 66
84 225
178 187
81 249
68 78
259 280
75 113
150 207
42 67
90 269
11 227
183 285
32 105
102 165
33 34
188 248
38 236
135 266
158 278
1 186
49 218
120 257
242 287
22 129
74 102
8 86
160 224
120 181
93 185
94 275
16 145
69 216
162 228
89 165
56 118
58 256
14 281
40 284
266 267
90 185
22 28
2 187
6 247
13 256
183 260
55 197
75 253
181 274
94 146
34 233
124 175
36 211
258 273
138 192
97 280
171 286
25 199
195 273
197 273
230 286
71 100
226 249
140 185
148 241
67 156
40 225
141 143
252 262
53 268
266 275
76 255
92 174
24 83
93 216
37 149
55 265
166 237
157 194
129 232
36 97
87 172
61 266
90 278
35 42
112 208
104 230
76 177
17 148
60 169
45 96
140 207
126 182
62 231
26 29
77 153
76 107
10 164
139 266
27 124
143 214
7 58
67 166
17 239
156 270
171 272
73 196
169 284
44 98
78 227
200 267
100 165
58 273
60 240
77 247
229 285
41 179
123 248
22 76
180 268
27 46
47 80
76 91
28 111
2 219
67 227
143 212
150 238
52 286
101 236
23 43
60 228
136 280
59 139
96 262
159 242
218 250
15 114
95 200
17 269
127 212
6 270
81 199
115 211
98 154
105 130
114 208
72 250
69 287
163 232
108 156
9 216
193 280
29 114
135 283
174 188
33 223
87 116
89 201
133 187
108 204
4 38
76 102
198 241
126 215
90 247
20 193
183 201
23 48
98 249
121 138
221 230
3 48
54 166
97 174
14 274
216 253
60 195
154 200
95 144
14 87
96 105
168 214
24 134
108 133
198 207
49 109
83 133
9 179
51 67
88 153
52 261
81 213
136 177
76 279
122 128
183 237
55 267
75 265
30 111
146 211
69 102
132 285
137 269
180 216
20 278
34 85
3 277
188 221
108 285
64 228
191 267
65 288
96 108
76 155
165 213
71 172
38 42
17 266
82 223
153 185
160 199
81 129
246 282
186 260
212 266
172 266
216 276
249 276
71 176
109 217
37 113
139 256
55 58
77 210
66 213
11 84
30 223
4 174
105 165
22 111
81 87
112 119
39 202
127 247
105 108
10 88
261 269
7 279
94 226
51 264
126 251
144 146
185 260
197 224
56 203
26 198
12 267
10 191
65 138
179 251
7 236
80 121
174 176
162 248
30 174
165 282
27 267
117 277
63 183
44 209
105 280
48 236
43 241
127 141
94 265
241 244
90 201
195 202
2 167
141 165
34 131
203 241
161 237
94 140
96 217
131 263
172 265
117 118
110 152
200 279
48 263
83 278
59 281
16 206
120 235
24 252
114 266
173 276
73 152
61 115
248 284
11 239
92 213
32 252
172 283
175 227
70 100
205 224
100 211
7 100
105 116
34 142
10 215
146 204
104 104
48 253
70 84
36 219
209 244
213 235
154 273
144 261
138 167
34 157
172 206
144 244
131 131
172 203
76 215
33 132
49 57
36 267
73 175
60 172
173 274
29 168
166 223
215 226
99 184
129 269
20 60
5 20
1 45
61 283
86 124
169 250
77 180
48 281
11 181
89 173
7 74
65 252
178 180
76 225
57 96
71 198
108 219
59 257
214 240
69 126
12 242
255 266
34 159
64 264
46 51
4 68
50 216
79 233
1 25
119 139
19 102
16 57
157 209
108 174
50 139
83 86
113 200
111 217
58 163
182 200
3 169
57 261
173 174
9 220
183 286
253 267
219 274
115 130
49 103
48 277
38 285
11 270
273 286
31 272
9 61
154 160
188 245
86 260
16 35
35 82
169 253
111 286
140 152
8 214
3 175
29 111
25 273
142 182
150 286
4 267
81 151
79 158
31 94
169 224
124 135
17 197
26 96
11 248
29 274
179 226
48 127
143 272
140 178
189 220
167 207
4 147
64 119
10 283
214 239
97 187
192 282
75 175
56 173
104 241
108 146
140 160
9 243
52 123
115 192
36 196
26 108
16 104
114 271
26 283
72 205
33 227
273 279
28 212
23 222
142 210
62 162
22 27
53 118
210 217
157 186
56 266
44 166
137 216
73 77
34 264
125 161
104 202
244 265
97 264
116 231
67 132
133 159
7 268
76 160
210 242
9 177
62 280
155 241
134 283
108 251
60 155
51 254
181 253
63 76
19 162
66 260
19 267
93 288
56 268
25 148
13 284
127 206
149 223
98 130
27 176
99 192
122 144
171 178
72 175
96 191
124 166
16 86
148 195
193 248
124 152
42 150
243 280
51 108
163 234
65 263
111 254
110 237
69 173
34 50
31 178
114 152
77 150
70 229
123 132
49 119
140 230
122 251
13 267
64 65
30 146
137 226
45 138
163 283
190 195
20 46
67 140
61 65
25 236
172 282
163 196
4 279
191 208
9 209
164 286
131 159
243 282
78 205
16 234
18 138
115 180
104 114
95 226
19 214
216 258
252 266
60 100
25 135
163 247
56 169
37 147
61 245
16 38
201 223
47 118
43 58
61 86
196 233
128 184
43 111
22 90
9 276
19 38
9 193
102 220
150 164
88 147
171 182
73 271
196 254
215 273
91 175
41 45
16 216
44 215
69 255
50 264
143 264
144 147
49 213
131 247
19 129
166 229
22 170
12 281
102 116
160 277
221 285
129 253
60 288
71 107
9 203
92 265
101 194
34 203
103 191
176 288
71 120
243 275
57 133
85 182
75 84
55 258
94 264
25 68
63 156
5 112
55 69
189 230
10 244
73 190
262 275
38 174
172 288
3 139
64 172
45 240
37 221
197 288
37 184
95 228
106 136
112 174
112 156
93 231
38 227
146 208
94 114
58 61
51 183
93 245
49 264
7 97
175 226
40 98
22 154
133 249
276 287
15 172
124 183
4 19
57 64
126 142
11 239
13 251
66 72
89 170
62 216
178 268
59 132
47 200
189 209
48 144
75 97
20 71
163 190
115 282
32 96
157 251
271 281
61 90
20 199
49 95
25 184
36 267
240 266
17 108
80 119
140 141
278 282
167 169
109 185
102 142
44 127
211 225
133 260
87 95
152 213
123 271
44 273
55 115
91 182
14 61
10 225
53 195
39 230
178 184
17 162
109 145
174 285
7 201
116 153
1 145
45 259
48 208
61 234
45 114
129 181
79 99
65 170
179 187
199 269
282 286
138 173
35 88
4 77
118 199
49 243
196 216
16 229
23 139
11 22
205 242
67 278
156 261
213 257
157 205
92 151
129 234
78 278
164 246
18 59
53 245
3 220
232 285
4 263
88 232
30 189
216 257
73 160
107 220
180 233
12 175
207 237
42 136
84 210
207 252
68 170
59 269
179 187
8 148
211 272
175 189
103 157
47 271
27 60
249 286
2 14
88 252
104 118
64 284
197 235
50 236
89 171
69 160
152 231
32 178
56 84
43 71
177 218
255 285
81 97
38 217
81 171
185 266
111 122
237 239
10 201
53 79
15 176
13 70
124 200
168 270
61 185
122 205
127 164
27 170
163 199
37 106
42 139
87 194
130 205
41 247
114 201
113 124
55 249
10 247
14 255
25 127
138 200
14 265
102 211
42 191
169 230
5 275
82 215
11 57
72 213
167 209
112 204
73 126
240 279
255 258
87 274
63 106
5 234
103 108
2 158
4 115
119 220
232 257
76 158
40 77
155 266
176 197
43 217
32 68
124 182
44 212
29 139
73 79
120 261
28 272
73 253
64 223
98 225
146 224
30 134
172 210
29 249
57 205
73 90
171 233
102 253
144 159
17 234
29 121
99 171
5 108
154 257
182 188
36 205
140 185
17 249
64 269
2 127
49 106
20 214
96 230
181 213
28 131
133 267
163 239
164 235
49 194
21 122
287 288
161 267
36 235
109 287
115 127
50 99
2 67
244 275
46 60
4 146
127 224
3 23
22 166
205 260
166 251
113 225
132 210
7 285
251 262
154 255
38 248
109 118
44 199
62 111
187 277
35 52
68 220
199 288
107 250
205 216
109 190
200 270
108 188
36 135
101 135
65 225
146 269
21 196
2 84
155 175
143 155
11 210
80 226
10 125
5 183
173 270
52 110
35 229
102 190
71 167
48 79
141 168
55 81
23 178
91 226
27 275
113 115
70 211
107 184
9 65
29 180
174 276
145 260
40 50
151 195
109 241
46 253
12 121
154 236
68 222
31 153
270 284
104 171
136 179
166 255
37 284
90 219
74 160
183 253
6 149
25 195
64 236
40 215
58 197
48 91
144 261
166 274
84 184
99 159
127 242
21 242
6 213
37 178
44 151
60 276
24 196
69 241
39 97
198 230
160 277
90 204
1 176
104 132
185 205
35 194
51 282
109 141
148 149
194 230
36 58
5 116
66 106
211 233
106 247
16 145
17 101
7 162
33 135
104 188
162 231
154 176
45 50
117 248
35 88
83 260
18 152
15 206
129 282
19 41
177 278
77 288
29 214
238 243
172 251
3 14
57 169
85 172
66 148
58 86
56 199
140 168
156 221
177 284
80 202
14 217
100 166
167 188
43 208
199 248
42 245
66 128
135 283
99 216
82 272
221 248
29 137
55 153
214 257
199 276
191 249
31 204
11 48
141 164
36 282
53 159
163 285
92 107
41 241
196 258
106 137
167 193
82 240
58 128
177 199
118 158
118 239
117 230
91 110
13 186
106 195
112 191
92 288
31 242
65 216
27 153
72 243
156 161
9 87
196 286
152 210
40 131
84 222
48 180
21 272
42 76
52 67
210 271
40 184
16 191
27 181
235 266
147 276
111 275
220 278
14 267
195 250
131 171
112 254
198 210
86 232
42 67
128 205
267 270
163 283
216 218
83 218
122 255
115 181
228 259
34 37
72 133
139 215
157 208
11 287
159 167
144 213
63 157
208 269
203 284
186 235
222 267
165 222
208 223
52 251
30 31
252 276
115 191
50 277
86 257
13 40
131 187
19 117
8 173
37 245
146 234
180 210
171 186
14 146
180 210
52 152
12 199
264 276
29 118
256 286
1 191
65 255
88 90
123 159
164 257
2 208
42 93
119 153
39 78
129 178
65 271
10 100
177 264
138 208
45 150
249 254
162 273
146 167
35 44
90 142
65 252
149 288
60 156
18 258
80 217
18 188
148 201
80 117
55 105
190 255
7 267
14 52
111 117
68 238
71 96
118 238
184 214
124 152
176 176
37 186
201 264
151 202
202 274
45 148
50 229
219 281
30 209
5 136
269 275
253 254
138 287
36 89
40 127
141 176
194 237
201 253
128 254
232 243
217 260
22 157
74 196
73 100
47 219
132 229
39 115
40 122
148 241
97 163
126 219
49 114
91 120
191 278
38 58
191 206
81 224
55 84
60 90
54 132
38 47
88 143
99 220
43 143
62 142
243 245
33 274
36 207
58 196
149 265
131 162
22 144
98 101
192 280
74 276
66 104
106 115
210 230
233 247
130 142
110 224
60 61
173 249
144 239
18 77
10 134
258 285
64 86
30 113
192 233
162 213
72 102
3 240
53 115
141 162
93 281
17 232
7 160
20 77
186 285
225 262
59 225
30 191
70 104
46 236
24 217
10 198
57 188
218 270
29 206
3 54
135 181
170 213
200 219
37 206
150 210
31 198
23 282
34 206
79 270
29 58
202 211
42 272
34 141
183 244
153 213
140 228
40 200
50 125
129 220
69 106
57 142
4 165
173 242
179 181
178 225
105 270
59 101
154 201
106 163
129 172
158 229
77 279
29 264
50 72
164 192
36 159
39 217
64 100
155 220
89 90
57 232
37 68
19 149
80 205
215 231
124 161
6 116
3 192
217 238
126 210
201 256
37 218
107 186
216 238
155 205
190 261
41 77
18 171
94 263
135 176
63 275
109 255
151 266
14 17
6 196
25 38
209 265
127 213
65 196
180 201
88 235
63 104
21 238
72 220
223 264
118 236
198 213
135 258
219 272
63 169
139 274
143 266
36 197
60 213
18 95
190 190
59 60
80 256
153 221
137 164
94 96
41 133
86 176
82 114
77 184
26 179
49 62
144 222
45 280
14 24
68 115
84 220
45 198
141 288
64 226
130 198
18 266
155 206
45 215
53 56
216 233
39 183
94 113
129 235
50 141
116 177
104 258
52 247
149 245
57 149
119 158
120 206
11 67
33 132
242 244
60 153
109 226
111 124
19 188
96 228
154 236
78 269
145 231
118 229
123 176
26 234
222 288
22 288
177 180
31 114
174 238
37 134
29 160
26 172
243 268
5 195
60 79
55 194
22 251
163 240
221 230
41 53
138 166
66 135
6 173
221 225
109 200
188 260
10 83
45 207
5 10
194 260
183 261
155 277
222 263
157 260
128 262
142 158
112 265
25 181
102 160
35 153
8 185
155 264
139 243
8 247
68 73
49 190
176 188
176 255
29 232
83 258
208 210
14 49
102 131
241 260
68 105
65 121
26 87
243 274
13 100
89 228
179 184
16 257
68 165
120 143
58 166
58 101
10 222
170 189
112 288
138 261
107 176
70 257
27 88
65 147
132 161
107 158
24 256
20 233
121 265
12 91
30 41
60 149
114 117
66 80
200 247
52 151
109 145
66 115
59 223
36 126
220 239
131 142
29 72
127 166
72 194
4 92
174 219
26 94
155 276
38 44
34 195
80 202
47 87
72 108
168 267
46 177
179 287
213 272
105 120
109 169
7 72
8 281
88 158
91 171
4 140
48 263
90 122
120 275
243 273
45 262
96 240
161 281
25 273
201 205
163 216
200 251
80 273
58 255
223 256
169 193
57 99
166 169
147 229
22 151
131 259
9 89
46 82
55 237
94 197
167 204
49 245
60 93
11 165
168 179
92 279
224 276
1 95
153 180
23 205
127 148
10 181
140 230
58 154
113 122
35 236
22 119
134 266
85 181
46 223
74 107
154 264
25 60
137 228
167 248
90 271
56 179
237 239
168 266
13 110
142 147
20 231
64 242
62 172
110 119
52 147
74 109
35 282
161 220
107 170
25 220
210 257
203 282
22 249
21 94
56 174
137 172
114 135
73 235
37 190
13 14
211 220
36 174
21 190
74 272
136 221
223 256
31 87
149 221
12 155
58 74
133 190
19 197
13 75
96 130
67 232
93 93
114 258
247 286
52 161
62 160
3 109
245 280
55 201
227 286
125 215
32 149
138 187
15 107
10 287
103 166
50 224
100 176
76 91
35 141
44 262
139 141
3 95
96 273
86 203
117 269
160 168
105 174
34 183
14 283
74 80
8 253
164 197
43 238
64 214
48 197
44 238
83 230
168 199
232 272
176 250
76 219
142 226
108 269
33 208
42 268
9 53
74 78
40 152
89 191
106 138
75 102
34 284
32 48
47 118
93 183
11 30
92 225
9 21
228 263
66 155
263 269
81 178
130 214
36 66
106 119
159 207
88 93
177 284
276 281
89 91
65 147
200 265
96 149
199 250
2 156
32 43
81 156
73 80
52 192
95 235
25 109
9 205
206 260
85 130
154 232
150 247
133 196
56 120
49 80
66 200
37 60
230 232
85 194
97 207
236 273
3 252
50 130
44 175
175 232
189 272
105 275
71 184
52 173
51 227
116 185
27 108
77 183
25 26
5 250
20 100
38 60
24 219
30 190
245 248
112 165
139 179
35 74
214 229
260 266
131 145
212 282
47 124
129 183
131 137
109 231
42 217
10 266
132 146
133 170
80 206
101 118
115 168
132 192
203 228
14 115
106 142
183 185
242 274
11 97
107 157
5 35
8 182
131 287
231 273
14 238
131 216
111 267
29 53
113 256
224 238
95 231
118 158
95 197
69 189
52 189
62 218
175 252
2 249
206 270
39 100
3 113
94 280
76 245
68 146
64 197
94 103
94 179
94 283
116 199
88 126
223 247
54 244
88 116
245 277
95 115
12 16
266 284
150 232
223 224
57 92
252 275
8 63
123 181
264 268
164 255
3 11
185 275
104 233
53 134
2 23
154 252
42 179
118 140
222 262
22 49
58 133
243 268
37 92
45 229
189 217
6 202
158 159
143 178
187 224
195 230
209 265
134 174
40 277
8 17
168 207
37 194
135 253
200 286
103 253
100 230
6 138
18 251
153 279
84 211
5 274
48 148
115 234
77 84
271 286
217 257
14 57
106 229
43 106
58 89
73 281
36 194
104 137
211 251
68 149
164 265
56 256
187 196
166 234
53 148
38 182
18 195
172 280
119 281
139 278
135 176
224 264
46 136
80 186
242 270
224 231
77 215
85 151
185 207
108 218
39 246
5 21
59 192
241 270
41 208
6 275
179 238
206 282
241 250
72 161
136 238
203 256
230 278
47 276
123 148
193 203
43 67
4 147
219 257
217 239
126 156
137 195
22 171
16 33
2 178
91 166
132 249
22 190
221 230
112 158
179 241
231 269
163 200
232 284
107 251
110 127
220 233
74 192
32 168
265 267
199 250
58 70
176 247
241 257
6 69
93 224
41 240
181 280
61 104
196 204
66 265
10 119
24 111
32 227
58 75
205 242
176 275
8 205
113 242
145 197
165 222
37 248
36 247
118 146
49 249
4 263
89 258
32 241
179 286
87 210
168 288
128 133
44 253
86 252
83 175
87 216
22 70
41 57
111 173
46 262
65 204
37 130
39 253
4 43
3 273
77 156
91 167
152 252
27 73
48 151
120 122
26 116
54 112
147 263
43 159
26 232
59 97
67 110
227 245
49 89
47 144
7 237
239 244
174 206
27 264
16 19
113 181
160 162
102 170
202 268
167 177
117 204
15 56
8 20
235 284
55 124
225 226
188 256
201 272
94 207
188 282
114 197
77 286
99 216
124 269
202 283
11 169
130 159
6 56
91 249
80 272
51 134
63 80
13 98
188 250
68 84
179 219
28 118
203 265
3 103
239 276
8 239
22 184
96 178
71 139
2 171
141 167
126 239
98 178
28 96
153 273
56 180
41 49
25 171
16 158
11 275
43 163
129 155
154 284
97 228
87 91
80 197
137 264
260 281
128 193
86 224
52 239
40 114
37 133
76 210
159 171
24 79
98 215
29 201
63 286
160 233
74 101
108 144
45 188
15 140
84 113
194 265
63 84
42 198
127 176
45 194
34 248
83 259
92 280
45 245
45 70
1 206
29 283
51 128
64 107
102 144
20 127
40 259
72 129
233 280
167 209
148 275
144 188
99 119
161 175
75 214
11 59
23 239
38 183
115 214
157 171
14 17
9 48
176 181
243 259
6 117
49 164
77 202
46 98
81 115
205 239
77 200
38 194
61 129
201 229
45 226
90 245
45 89
26 45
9 195
168 226
215 279
120 287
193 269
187 251
127 132
46 283
211 248
14 154
211 245
46 111
54 61
138 167
86 164
62 176
230 264
37 78
19 248
192 269
68 217
63 80
36 163
69 193
97 276
59 156
92 151
158 250
18 150
265 276
91 271
11 50
40 148
78 182
162 222
207 249
27 279
2 232
40 153
6 285
14 180
88 205
19 252
240 287
181 198
97 162
194 262
73 283
28 234
15 187
109 211
67 212
17 175
11 172
116 172
61 180
73 122
55 73
111 159
121 152
67 251
25 155
55 238
216 221
182 196
28 154
94 218
84 183
34 115
3 67
48 68
109 209
25 174
3 56
172 177
187 214
113 144
164 251
121 276
72 149
84 181
22 195
134 276
95 211
53 75
23 115
69 233
70 215
166 217
87 268
75 227
28 97
221 245
203 233
49 99
89 148
87 269
140 183
192 277
85 105
148 256
77 161
186 260
59 97
87 226
238 284
227 268
49 276
59 264
82 274
12 124
4 18
19 104
191 196
82 104
62 65
24 38
111 149
182 220
147 152
209 278
153 165
190 277
102 180
105 251
25 69
149 164
200 287
45 79
37 100
243 261
107 217
243 286
101 249
57 131
36 54
138 174
24 186
35 101
114 282
156 199
40 267
80 200
66 79
149 229
88 174
10 86
35 219
87 131
22 275
100 104
18 264
130 219
127 244
26 260
82 119
30 277
140 198
39 205
186 201
151 171
37 228
52 205
35 120
173 190
44 235
108 196
46 108
114 276
24 220
26 171
28 262
141 277
27 111
106 147
133 137
11 187
48 210
18 25
2 267
7 13
236 269
161 281
56 146
21 77
154 169
158 176
153 240
84 267
30 177
73 219
36 189
202 268
9 185
129 237
199 252
14 86
27 128
99 182
116 168
109 147
122 245
13 123
145 219
249 260
255 269
7 17
89 210
165 251
50 102
262 277
155 243
66 72
111 129
147 171
54 72
81 130
149 150
90 107
11 239
140 158
186 219
31 171
34 189
38 80
53 160
6 220
216 230
63 217
226 261
56 224
91 196
108 189
192 228
125 244
54 272
98 212
94 154
61 171
43 64
147 276
185 239
179 287
143 210
132 219
81 193
189 219
182 283
14 36
168 229
1 223
167 214
100 205
67 193
19 242
122 261
139 153
70 282
22 196
62 139
194 201
75 115
131 202
161 226
33 286
73 138
21 43
56 249
7 261
172 224
31 239
179 217
39 213
37 107
88 181
92 201
30 82
60 225
240 248
132 194
90 196
176 215
252 261
4 13
216 222
55 199
216 286
93 100
198 282
158 168
63 90
81 181
87 101
107 146
194 277
135 259
137 281
36 54
30 182
172 194
120 264
57 209
164 166
10 164
94 225
26 248
57 213
214 228
108 179
239 258
106 162
81 268
68 148
47 174
6 34
58 126
186 223
54 235
108 111
1 164
120 210
73 188
65 124
246 286
14 124
39 288
87 224
102 235
13 101
22 198
157 175
106 115
108 165
132 174
2 121
209 226
90 181
157 242
10 266
39 59
89 243
67 172
49 213
152 221
188 259
7 99
100 111
87 121
86 163
33 173
134 145
111 250
205 211
189 257
26 204
198 270
98 211
91 158
43 193
107 111
10 198
62 89
99 105
140 146
161 287
150 237
227 254
17 103
147 250
179 241
41 280
99 247
165 209
32 87
104 206
103 201
150 254
132 206
160 261
27 286
212 226
45 150
98 103
31 112
199 253
11 261
236 265
39 94
59 99
81 165
128 150
19 275
33 187
143 284
37 235
139 196
247 277
21 201
115 266
76 211
282 286
28 87
85 126
26 139
36 249
248 272
192 220
276 279
29 250
48 164
67 217
13 166
62 275
23 76
3 76
67 84
49 261
63 188
54 115
195 229
80 84
94 222
65 277
28 85
260 273
73 209
197 277
65 146
71 79
8 282
22 57
200 256
198 202
227 248
188 206
182 203
208 243
203 279
207 231
10 94
24 110
7 135
15 105
103 152
215 275
9 163
130 233
152 169
135 270
109 147
139 184
4 153
74 159
7 68
109 190
55 104
33 122
123 229
71 98
40 96
54 200
113 158
7 207
3 14
4 210
136 277
210 244
119 246
39 191
58 109
163 195
71 95
8 92
77 149
119 227
235 274
85 267
132 186
53 136
171 192
52 110
47 145
80 147
89 170
239 251
57 203
93 249
22 56
60 211
188 261
92 129
246 281
34 64
1 70
53 61
22 135
167 259
74 110
1 7
28 145
187 235
4 176
87 181
208 278
11 131
25 215
174 180
115 121
55 188
29 61
70 158
42 237
25 163
35 244
69 226
166 244
97 168
220 267
6 274
152 231
56 249
9 180
83 132
116 242
61 135
70 193
75 120
82 120
56 275
140 161
8 72
92 97
9 91
130 137
236 284
16 184
67 132
100 244
77 258
91 241
123 201
149 171
4 284
134 287
8 92
139 190
112 129
106 249
223 230
5 269
155 210
87 90
77 147
193 207
239 264
89 118
170 282
64 146
146 153
47 137
168 241
138 241
86 103
22 169
23 264
163 233
160 216
95 268
29 144
20 164
180 205
11 244
64 211
10 132
27 280
84 288
187 222
206 230
116 142
101 121
74 245
76 155
26 31
46 214
187 225
5 121
131 186
41 97
74 152
8 221
73 95
10 127
6 47
29 230
94 113
40 234
88 128
145 228
117 169
37 266
80 176
71 107
118 163
1 161
199 216
8 223
56 98
16 245
137 275
84 165
104 175
24 178
118 160
154 236
110 140
116 166
35 36
38 287
41 190
147 195
37 119
42 280
16 75
154 224
112 270
54 238
142 250
24 62
84 153
46 123
106 272
43 266
220 229
232 254
123 219
95 216
58 207
119 241
217 222
79 232
15 221
21 225
79 195
66 198
72 227
86 121
89 247
81 191
123 131
15 246
85 162
205 263
93 215
23 49
91 231
89 148
86 191
121 134
54 271
161 267
53 236
141 249
76 160
143 205
65 78
155 248
27 158
89 197
88 184
210 226
33 105
109 126
187 207
132 170
207 259
99 211
12 274
160 256
167 246
187 205
61 262
85 170
31 142
54 238
18 153
48 233
79 273
7 91
249 257
100 176
274 278
4 80
16 35
122 210
117 285
209 275
11 192
117 229
3 127
5 49
82 194
88 208
120 250
124 196
66 243
13 50
69 179
27 220
46 160
35 56
148 233
249 265
113 198
225 274
98 262
22 270
187 258
52 63
38 44
4 147
29 207
89 168
46 163
34 108
28 197
26 227
107 227
55 56
93 216
5 181
116 124
133 218
45 105
10 254
64 144
78 201
60 82
61 77
207 212
30 74
6 117
97 255
82 194
4 153
221 281
165 219
31 138
145 197
239 256
194 243
172 174
158 273
130 234
83 118
159 256
57 191
98 171
166 240
34 191
162 281
73 163
59 89
119 268
91 256
218 284
198 201
106 153
197 202
265 267
274 284
68 240
81 155
189 233
59 148
273 273
126 283
35 257
120 174
4 43
92 158
37 56
125 134
103 242
109 283
160 281
36 198
43 72
9 267
67 180
148 165
88 208
173 283
19 29
7 224
77 271
130 229
43 232
50 270
43 257
88 241
110 154
174 221
209 281
178 271
41 197
87 207
255 260
128 152
66 125
88 206
241 266
58 278
108 125
66 247
47 221
74 152
52 223
74 187
35 233
23 139
114 204
230 288
111 214
60 283
11 215
10 74
22 132
43 281
150 151
33 186
208 218
12 184
111 154
48 210
246 272
35 260
150 255
169 287
206 237
144 231
46 250
188 227
38 198
95 120
126 211
6 243
264 269
43 51
51 71
88 128
162 168
93 164
6 285
71 181
5 17
28 203
51 205
3 55
72 151
152 220
200 254
95 192
67 91
86 139
9 111
91 153
19 212
46 145
46 266
10 40
61 75
136 208
171 178
131 271
95 260
11 68
220 252
51 175
113 130
191 221
55 121
106 251
90 148
20 286
81 83
134 277
66 189
62 188
4 106
8 178
1 230
84 193
33 90
37 41
75 284
143 208
13 167
22 263
10 197
52 181
166 211
81 150
76 190
92 192
107 182
114 269
41 85
186 191
103 246
150 190
75 125
165 182
180 287
229 231
94 154
27 216
118 270
18 82
52 104
82 91
143 217
28 55
20 259
147 245
44 226
62 71
224 261
167 248
213 233
5 60
88 195
176 244
147 196
50 274
103 284
118 233
90 184
27 138
119 169
58 90
108 210
40 40
212 284
93 126
216 235
181 183
167 288
109 250
6 252
153 254
195 236
89 233
97 175
51 147
206 222
18 282
65 222
94 200
127 282
16 208
38 175
135 183
78 286
162 174
17 130
93 175
12 228
44 89
23 26
185 268
110 154
37 284
63 223
134 208
142 258
136 213
38 60
123 235
186 257
157 208
91 193
151 156
132 243
162 246
34 227
68 109
133 288
104 122
86 246
199 265
26 41
108 151
128 282
25 252
39 60
98 236
97 203
103 245
60 151
75 225
111 238
64 286
40 108
101 218
13 109
175 246
24 236
133 284
49 61
40 82
77 169
125 166
9 172
191 217
92 249
51 285
30 202
44 203
155 234
140 221
237 267
197 288
67 127
186 269
164 169
164 224
237 243
81 236
194 257
90 252
44 63
213 224
61 121
217 247
147 211
118 153
253 280
91 227
91 242
146 244
138 157
220 235
93 216
42 98
125 205
146 149
84 244
27 207
38 211
76 107
30 172
105 185
92 261
32 65
73 238
26 83
188 272
174 224
2 193
154 164
131 213
113 137
284 285
22 104
38 56
202 273
28 98
227 238
191 237
34 93
80 93
55 245
103 230
244 281
63 251
72 189
93 288
89 135
228 237
138 155
192 246
16 127
11 137
92 239
106 286
122 270
168 249
12 264
6 243
226 239
65 105
93 148
82 152
213 275
144 237
143 251
72 74
111 178
153 162
237 278
99 287
13 62
56 74
44 72
104 152
67 138
143 214
80 256
68 138
214 236
105 230
36 253
187 231
10 119
264 284
71 160
115 185
71 242
13 243
108 145
133 271
49 285
111 137
122 154
45 77
39 152
88 286
75 109
113 196
16 144
249 261
19 116
114 131
126 195
42 131
16 142
52 142
110 280
106 267
83 122
34 282
65 205
63 228
62 65
199 276
34 107
248 258
155 217
84 89
137 202
103 175
104 287
14 206
253 263
97 266
114 152
179 275
24 134
245 271
94 136
249 268
68 277
1 198
93 97
95 199
4 155
62 142
67 262
89 216
5 148
149 182
60 192
7 64
7 156
52 56
40 182
64 161
80 195
60 89
82 256
27 81
189 217
70 122
113 162
51 63
79 260
273 275
13 68
7 10
53 244
71 129
168 239
199 251
143 156
195 209
79 213
252 279
113 279
120 234
165 272
103 262
118 207
218 236
167 244
24 185
57 232
25 274
46 80
34 51
33 112
72 77
272 275
16 57
179 272
107 214
116 268
250 283
11 146
8 153
57 240
38 83
113 139
51 175
30 202
158 238
15 135
62 201
82 140
43 243
8 17
7 102
109 119
217 255
13 254
16 54
68 264
86 226
133 197
108 243
59 134
119 127
149 212
156 255
10 186
180 271
88 257
116 130
85 218
135 190
59 165
11 121
86 157
82 109
28 285
133 236
14 141
174 278
85 134
86 138
83 117
171 188
9 11
178 187
124 279
143 224
189 269
43 161
68 235
188 192
156 222
131 198
73 156
164 257
205 270
237 249
73 270
11 112
73 113
126 131
37 282
152 204
29 95
59 82
247 280
233 248
74 245
222 279
59 212
8 66
211 262
50 236
31 100
69 233
185 192
142 181
7 253
202 266
2 225
151 160
202 281
136 150
143 198
168 288
152 242
31 130
168 190
158 249
92 127
62 210
133 190
152 234
37 172
2 269
126 275
131 216
10 242
116 206
83 124
138 166
125 169
123 162
55 251
36 286
145 159
18 31
51 52
219 244
71 272
125 170
125 249
157 236
191 265
165 248
29 285
66 91
42 103
250 274
102 197
195 235
53 157
13 181
44 106
49 167
52 144
130 167
92 101
108 259
7 115
30 225
49 55
35 60
8 245
7 86
81 114
270 285
106 229
155 215
39 184
88 248
53 213
186 205
30 35
101 250
76 212
115 199
167 225
150 209
190 220
216 267
39 194
169 225
120 226
25 57
158 212
112 148
82 199
75 196
56 273
155 174
179 215
128 219
85 214
47 149
97 213
63 172
13 97
222 251
171 277
88 249
39 281
161 261
13 51
85 287
37 225
140 208
80 216
65 178
52 204
17 182
239 276
179 213
204 245
77 254
206 229
1 255
60 252
148 241
80 159
158 198
68 103
128 167
107 224
3 112
240 263
60 163
13 36
188 203
167 268
262 264
207 274
150 215
35 232
66 144
87 96
78 257
82 115
157 191
12 247
8 195
21 204
79 236
2 237
184 258
116 126
68 142
60 225
5 134
67 100
221 255
11 284
89 236
156 234
146 185
58 196
18 185
71 134
54 280
151 278
99 237
35 45
122 237
52 97
241 278
150 201
80 227
60 275
199 273
23 135
4 128
159 176
220 261
36 71
8 127
148 200
5 117
63 190
18 204
27 126
165 206
72 280
75 252
72 88
126 279
124 256
68 82
130 225
4 218
117 151
74 202
225 234
