3
47
156574488 123459890 955768235 930293642
420120239 46155771 211981185 535178582
523793694 612256110 597486401 943141667
479150358 967424793 241819836 943685329
561651971 225736881 893279567 240017446
278018881 949141358 126710320 683066463
724857291 851864625 507190181 75099501
137822038 557905762 812173168 130769477
214316146 164405133 6538972 526689308
440219382 875336323 331341873 848531541
242657714 724050653 250781167 933559174
167737835 134575752 990865167 221642648
548147481 637570700 214191569 63146747
584225819 650330253 505702329 475461374
571293747 331339463 236608437 389380714
406512628 621181617 678554849 717256027
765765130 90616194 635127423 175544166
378394191 652751447 372377329 897639284
363944736 669727995 987985580 932279861
113832032 349900525 440530155 619552409
24613729 854016180 832128040 953084082
708853250 29829082 496146385 965497886
15436255 212153211 118591121 130735396
382648280 682699561 603325424 662180357
686918584 545912526 252919303 184571150
945077761 88059044 97393741 12944456
843491816 97166241 532246064 868451681
550639525 103441318 337472915 543495932
218658978 62759702 684694866 466868860
22858798 94636072 989792210 343891131
818951182 994015310 523920568 495901963
112939535 97870677 245158646 833626137
363002316 190632303 111579331 581091945
438199241 74110354 105553616 548838998
462596466 407052374 644673357 931258941
591852203 730209897 778065163 106453164
450377012 795578032 392554133 883423257
97370972 488552657 604854755 920934217
75533552 594935397 504974082 77793160
893318869 451258751 334659595 621165048
167412799 691697103 137227601 92146942
629203980 589295221 200653088 659426210
999330747 932493238 31036148 6746668
629927528 390009308 187697836 200509446
248613967 92128960 680050969 421541226
877313600 458465235 553212397 358587335
306358010 116512950 263292295 350478304
447
212034220 870966914 177656852 957145052
522113465 525628847 835049431 725226828
475941499 71045564 386779255 362661719
818357222 709705549 692926427 13028548
638630239 950013062 595270794 991925904
190664651 818683487 229161988 850319111
622416234 578492823 568791704 765999238
644727948 814076584 162595277 251330730
974095577 751383501 800984097 112734579
804953140 46856883 512110720 185221689
79499538 982926207 202263988 151023974
963099282 709456413 669984113 228197872
530110823 880310894 397555558 573357752
126687431 28170996 31959782 499772052
252089405 601984978 131560446 359318888
941493477 155626527 70660381 85209633
978646932 802385168 326526742 942668990
886448397 123137558 96209358 380629581
281190136 605019718 639166467 401815787
257586345 111785714 422711666 662885910
961112665 827012359 947545258 951583430
974641265 173010174 130133159 434198829
45733060 919485190 797252510 916654801
501601312 67278522 271980742 374843883
188246075 927515897 406362022 842121368
925171672 784588841 348740389 163377986
406183305 683211168 562701410 473440193
52101645 830218073 378135815 365408185
969049476 460056080 213195676 427620994
795002384 781443437 417566791 170086947
381486525 775233698 791341671 5219754
152774522 445107735 327266098 931017831
304637718 338654955 318999301 323871031
417554662 973246242 33984145 990568135
11027198 333408405 793904664 282722628
128496775 275081686 532468683 276420145
736865747 879418236 849938982 51559296
91608684 797639037 805260742 36045468
368050035 150170166 435194840 284055741
772538092 461361830 424577500 156138376
767591804 178569047 141455411 440493665
801987394 330848045 278857916 950531048
696694962 153962197 468246018 728211945
207748924 667143129 21291890 181083795
494463787 90056786 435685612 704365238
176271322 808520061 222336551 515518080
551473333 893830827 285964545 869689961
507725655 19043083 380026511 242432242
57179859 721917897 948183236 94168943
675236823 791455879 425121074 488057292
691871760 589805418 241498677 247105251
304572071 6152365 933627552 618731837
691265730 541724104 956405621 93803902
846872827 720654641 780773469 915226070
901236676 854724928 791900358 65490635
726289265 739226771 585979624 780613003
721795432 923397343 765669041 739073885
663745816 920536864 509815213 333876046
47136643 696291598 385399279 132584331
989212731 950609915 883749629 172348391
147406411 269033044 850769556 963255561
214095933 938692352 152669554 357490056
10080727 241989721 414906607 369699102
263829648 309597642 219675716 164115573
476539403 971176887 624699832 499395830
14982401 934327743 444710040 533054831
575474491 849832136 734639525 225226768
440717102 199284359 859387898 474658651
612035918 102962993 903871573 95138426
883286734 408384257 612706944 530293227
403421665 798961432 16364897 788830571
431955783 914019965 379306047 295500456
139110151 793075076 730216279 857254863
45374539 452146083 74793428 475476839
717384346 365100275 182198070 978369409
479130383 172242888 767278181 818978988
476829042 68415347 392405040 547890461
642850228 910200498 214376360 495015218
297727626 217193848 142048797 267480414
575480271 956587658 298442388 919050584
848744408 2873406 509618428 719708596
856496964 387092450 708256293 159685469
899282415 435431741 918749615 101988919
938300945 514714828 625042486 5794416
372749675 380670375 647359853 186942276
778641766 58035243 25481790 268810331
436705455 596469095 772710353 649050077
414568525 647964003 103808583 191537029
106077608 33894308 844363006 936290506
688186243 338196685 12760521 358142728
843778812 653166320 884520720 298079539
23006393 321056721 910786833 469988201
42819935 441171440 688816307 398156236
79461219 204452358 973474864 313330541
863632300 513550804 135317954 652015542
38713494 279723446 293781294 181413619
549861840 147708747 178097746 267206167
365257024 647485907 701041293 468264591
220364377 572295204 144971701 679021631
96766610 15351742 589062775 876459342
508226430 607938429 402818335 133506283
748245331 140890441 845750150 761169255
254575458 189770680 244696250 287552155
630443569 929116110 320966200 836874995
132156031 326179369 344016962 371068647
406641102 1566443 87965372 181858321
520730537 296452210 738863107 170113580
284098203 764314130 13470957 70689352
63083810 474011897 824695802 783572028
712110999 331511645 689618013 580867219
125632784 60644185 488587014 96163975
929964971 843633859 562832600 96818157
611725859 486599061 956941579 557436879
628185679 858050046 687903748 425038234
45434938 803555763 599419018 182449907
227902761 943574701 443523614 819867560
22597866 314575776 583991310 633125565
850507054 802812702 383198226 149538252
189629628 176561812 273414470 816327754
263831104 655399456 830403433 437343299
895531567 778220099 448379086 554083470
769408860 541914844 751170817 139939913
339372931 202878428 659478142 912520039
914116935 281797164 566881082 197503705
430398037 424033708 384842843 587257490
199838958 629050373 85279319 907567181
195838171 24387016 277628227 970809352
303781730 376616908 338144836 307326942
15167499 972385202 167784404 437992040
289706722 848418731 592312127 438452412
914985784 723037523 437784946 601895829
145941402 293338094 963105014 512121808
643865509 416576407 816362114 493267561
831267796 19251553 685793984 922513526
253969613 920015618 855970707 577019494
918552295 500928470 919265409 662030305
284130054 826029034 430484299 374045991
188763633 808262231 116324415 706006951
642527735 693518721 213154313 104146381
769009583 510340670 690713039 901032190
536690074 843124347 734649578 277814867
688387594 192689152 685087536 755462616
274016519 545170857 716635732 917301337
930293476 719765511 92923286 121763174
613778915 914617998 425222644 392202620
896730446 543706783 78869885 574027585
455666993 351977234 299463202 810643027
67733998 784335214 912091240 781197138
352895332 344326944 55073128 71016827
747873731 24825211 686048874 826750254
543810387 430937992 35059217 894869648
139605133 37097426 873291013 655058240
21209995 574156860 628834943 646713206
413969171 655791946 317761012 19488317
470090738 328315510 92064998 339991323
876732352 342689345 417356702 867774669
74337675 9051444 498051586 176979211
644714215 258517629 771566294 724893369
594160142 581607266 618169658 993092567
385483686 796738703 463343647 356055129
506024851 230044072 303197246 399900772
452702698 943035149 194513368 81247243
23922285 763815174 93222018 92224995
236820452 391487663 171293512 943678449
21675330 131096666 159759160 182138427
916213216 845743345 188779527 974348284
292912106 151999256 876273803 392744015
868046806 141513826 381709553 234697815
587243104 338366926 613534605 304078030
695684598 855208119 52894793 826094510
908814159 667634136 78854103 241401434
875010192 667914302 978803420 790537318
681544432 534269222 946067313 430610893
257273315 701628209 608681436 11216733
67213053 295987954 148889920 17712122
537259611 405693646 832170038 790343990
861389637 376085051 757490217 905432139
178289861 550782596 745578516 714875051
320194940 683098910 780722410 484894852
897624707 97613681 668048696 82300328
820261826 746056437 63935895 109323357
81857434 58488222 377537268 915462924
965421608 303447304 55140665 270101297
575934052 237780850 392045941 798470418
803287064 360696444 950043311 827725703
464043034 110573065 731947354 719770246
55055716 35147515 981485513 715711454
503788848 775364019 325566524 756502032
644966992 633402783 58855654 893282629
295157564 404964951 728420802 807488725
151416922 859442904 989380362 392738794
144410883 969202965 83820668 128877886
233913335 574233658 944499489 27536152
310939268 613718164 89978021 688295432
337043975 699680458 608123138 722854246
694824794 266379128 196450915 382226304
650070495 123586271 616426688 198908079
952020768 273789696 72159959 947543071
524589289 934025114 988403304 62998400
998926488 227334821 228572190 614396319
774507030 120142654 862521239 25639156
811005351 667743158 909239545 877659383
504802595 967559955 530165393 303996529
609527291 284534983 24619204 395112378
387922999 387431620 993728544 127473366
9437581 134573110 592231479 265642130
768640727 703138227 198986200 292426727
239735072 977790674 69031544 393657536
24268267 184812931 641134949 59677117
426575157 413751048 899090508 842288215
50432768 761740418 522925630 964230268
726338883 389669546 127999027 625097756
868155023 869755096 13782033 256293617
488334176 881182512 473406700 554268499
901240744 744708831 239845166 332445745
103291861 409344624 805388417 885410626
122445669 573686057 645886025 88313191
393072003 199943334 196411502 567276643
284869208 18071654 307142203 465478120
627739478 258876579 814071252 616134331
742253428 292555779 870066756 270153612
368232189 112073940 607302753 805882903
468133930 107248687 206280240 673105497
255482401 228882621 244647261 606207561
348814301 774898098 285061458 25431488
685124080 585601445 167706880 672970589
769767130 368776967 26636809 194348297
277475803 829475296 167918002 192465400
846287304 928186146 3451918 635855130
158391741 672817130 491479757 898909034
392222128 713842190 363939388 376627578
106224622 45126823 102076789 212715865
462326698 730846479 510215820 224176534
125565267 439692549 934191858 89036123
170341803 387331303 870329916 889894973
190941636 342773000 105926034 546521707
718336021 671415436 227710624 415254781
417045940 682989805 30155557 324389732
68731361 41492617 216552937 39877802
450945914 696115506 361796739 93404283
881460618 194948253 601256995 560592206
215488210 101491953 523394603 680775235
608904131 748111315 192976423 556471174
334870879 608080656 764127445 183931628
775320193 359910027 210726127 68852067
682088841 157231045 124062475 910776988
514420608 845045390 150826220 905389653
40917275 278610610 486703009 265467433
152503770 655176431 252181058 647392500
990442260 840402203 257470276 229308568
444481827 5075248 826918595 233544808
65113166 813760462 316327420 153122806
154995652 749947330 276776490 785188283
92533990 535857989 820009211 310324000
619013728 559095113 346719828 225560380
146322339 726259542 841932186 848194018
52581804 226670225 545710292 128252825
201724043 335704725 107667046 968256316
258265201 208124052 92334507 228682333
320465304 273139404 111240373 344075582
996510756 365458828 992289909 607842446
393954909 555275418 147250169 851332707
76555061 623742936 930838295 703117610
832768226 106596945 189998375 855372866
307526256 598826331 336758198 157567109
620838912 106802916 560102018 131545718
716441636 706553837 724804466 568977521
398722045 225583159 251418125 170228623
501124098 619576463 181968444 529978191
901799912 23454352 343125669 737251386
711716268 647581865 168656024 657687261
47021529 603280030 902195713 830778363
52149866 137362255 355077475 956051844
849440301 253258402 653090964 29894390
423908557 60950531 15550905 766836298
479379074 651778157 228763798 262932035
353198158 793163005 142973804 66503654
640302336 99006104 657524015 525959086
697660969 931432945 389350119 893030197
407989285 65389585 280201826 73592582
601741711 921728689 137924089 416031829
990580029 916323706 654737761 207611995
74611193 894281648 595037890 673926023
30380638 43463934 185274381 507068498
681270505 278066426 587304072 490761859
959442522 572170987 343504015 478343918
370316875 875785414 533800206 415723277
991529020 268880748 922964537 459911703
909520955 347050060 738812404 906883064
116042100 82556075 434879096 36448309
744473707 264567556 597664738 817718474
649108787 447302163 670092219 652316408
909381656 730819753 235566778 269320176
575078066 198871049 389714161 789986990
743755310 449791825 351215162 236181516
79077820 69244111 273118640 125342831
614160237 978557690 661635312 132065783
787123431 681599671 44788886 140545885
908897433 279470523 357249311 752139050
327280568 496461822 116503207 750952045
15114247 657729361 796461993 383612761
553489712 185608209 535473892 19210366
669984496 501087763 755366622 486952798
450512158 630050700 701247898 278086158
488510258 524143056 897194373 683755850
305700650 121315703 367254882 279637387
19730374 452239279 39689916 346924670
429877959 762124689 215373789 547140625
62767527 379431406 812332088 969036311
118260171 501409815 12956493 604163978
851857058 468534306 515212484 708079469
36249277 372319797 568773847 285783761
714887281 935286624 26300694 58758892
219250058 190614268 295908568 350580796
833433205 298653520 604018638 700517483
390584589 117181823 454496217 84416869
415951831 501059121 350707200 563397478
637024328 273628417 934850866 872918816
485324398 726267787 598303541 83248292
481767554 322068301 657584809 991225701
966616906 684402768 679845926 977527309
338888621 958595633 881492344 130245377
58563147 702430866 163197964 650982414
982932966 562160319 133612484 478562193
189222994 280659562 232459589 840951761
613654648 654801945 445655558 215138997
397895839 355317807 727757453 759548112
851346893 610153465 746709452 433217978
149625224 905921273 402609430 392790924
415114956 453958999 840600731 521272270
956382150 759113385 636499335 901825812
24301734 357883590 625099897 452912655
380445198 281716996 289868015 847966320
902890978 422340134 217179708 826589330
73290600 908672317 714173641 141076314
364973090 110155002 17167124 22590962
5429748 476239577 239234195 685243058
424212137 621697050 571845347 970589985
10494201 945175008 908407466 906124945
740095964 81802086 12995786 921287415
789216012 547237185 710263275 257150763
245670785 132794959 162522728 260950476
246646129 480310840 131931974 607091198
714512365 511443360 315772509 973981433
281266766 679824506 778003248 23077157
823503726 548442425 544849753 856022718
382189591 209759269 545553140 810425276
971155901 879923078 56973017 81392156
320645499 767959061 864048450 90784784
508123719 748763571 823154896 383590536
576089542 970043263 288914668 709115460
872650211 853668463 5443222 958375043
711415473 841542768 819568101 61190667
805703778 171895729 187029571 736645523
365454087 181928939 775637758 243680182
134852031 237616494 929409921 906844930
583613377 376641385 675309863 526244443
871704701 719426346 59822005 131613017
453541950 141854418 825706038 127958583
897815724 265967678 265747675 599491373
967597773 69556659 456804139 337424000
754770471 283811025 668131420 109402897
457710570 970971637 209751659 364673870
216466929 136587451 209594529 967919195
235016444 254084334 431735971 382121490
306577910 223573037 913658911 410547781
204941266 520085753 513708731 14520446
784064134 991052894 938380000 584597940
775808056 334599841 555350505 293993552
178480492 694801116 364097124 488190265
30532600 891607322 738712176 577256545
895048898 443910462 686263214 552231193
550396884 421911719 313453182 691435187
92059308 620786640 81746030 241706774
475143152 821570849 698241455 133242119
56926613 79219452 421217537 494667885
372496272 235699457 119168952 50957003
449455411 423199809 272378268 272433684
768696696 905329662 445686471 263767575
450800404 990357366 735702671 914647477
842243877 503268174 796354396 688294391
151802038 404786325 52551175 714724965
90504266 597327798 564561317 748211023
661553644 922192966 49954456 82703114
506993819 298140288 419232607 811506026
161560853 248969474 335465232 203449075
755752275 39670212 568868325 269342224
907301911 716282210 135903766 16733300
550408919 248429066 908864336 91264073
365202005 407909958 876922706 448846079
782593033 353515141 64146408 264348332
797877688 720228355 483277518 673102061
286981357 255907342 957903105 647885528
118825312 233913852 347674599 553466240
567266525 979052068 152179154 964000331
88843574 953703774 37988058 235128811
181938087 695960343 779920352 643327352
480992226 4546835 768990824 380046625
917064507 999219625 106969404 840613032
351213358 174070602 109371653 771287710
58520344 267087465 295108098 752928818
848750103 187264713 959640566 316047460
125328043 928260945 555558929 518383662
241131187 140622286 150515097 20519602
891171540 278332153 178945831 469139184
187652835 724022978 207441224 647874737
354518491 300814603 58785917 60637125
329095012 704468142 243640632 149632491
575261430 176110311 46479974 716427006
349870383 375429316 395796210 692168762
702964111 808417620 123987932 357751408
986685235 264743495 52091878 376970467
799397588 766433504 231551538 778483338
746067053 33365457 294463046 116412749
649498990 823030757 744431647 244002899
440889256 409707405 947636121 592971475
357855345 674621515 195614944 621820966
502973846 321166176 24821327 200685484
186825398 788255572 801098537 643613695
719283964 244981993 878246555 114324545
155162905 842587871 53344466 453838169
478997117 845708416 383937145 100526415
113951825 545302910 217980268 716781092
961771807 266665586 981421283 145508290
23768135 178165578 720179108 86776216
274889170 280969286 589087295 819623691
19811767 142594458 13183124 494170105
501529439 701097102 10623180 134826495
553313702 766493495 169161109 683505229
997039041 357801751 60286293 661576886
292548311 952792071 412895235 290870585
155915145 527194049 77108535 782946130
481155568 713154943 162270800 342381940
802778597 438599680 975219090 976352589
584268685 269998720 333306352 56438804
511053830 33204283 873109213 339159961
415522210 633498744 863718736 779316781
197699815 733219383 162843442 926495495
182653308 887967524 613164628 913781212
443357297 790549948 691938048 307838812
148871157 979448388 940588501 21219025
871468308 357975925 240603117 133966734
627428614 729747132 812867946 846117339
34389858 245974305 487406938 242393581
966978046 287160631 977892119 278067548
741279224 900561422 95101656 53085395
34103165 57268641 728731513 342908104
6
61807004 64572950 210114761 820969833
637752352 970226802 434520149 51875467
905588174 738289015 348536554 265898581
443645540 607630281 919588960 222792231
418832742 861477293 468920289 762775016
439954867 936960512 323327172 189378934
