5
39
467 985 872 399
438 870 672 49
436 839 508 625
627 371 373 573
349 782 833 725
741 939 136 42
977 812 513 768
996 783 789 906
428 45 392 216
586 581 718 492
525 60 413 317
84 794 312 469
352 790 992 159
920 222 834 97
842 756 196 781
498 936 62 393
169 687 325 590
242 131 262 23
131 860 723 609
851 76 782 405
120 983 845 524
649 693 599 656
505 908 609 982
76 138 871 180
465 65 940 798
938 282 387 400
612 895 961 752
616 606 754 547
930 679 45 725
160 873 929 835
506 923 220 371
438 590 367 88
511 265 319 34
778 463 97 918
929 130 895 860
794 211 622 700
359 252 300 976
560 942 253 520
524 562 236 284
4
210 340 862 419
539 660 12 944
663 832 170 425
130 337 370 728
38
535 961 808 379
564 442 920 673
876 354 50 562
539 871 600 493
660 943 795 892
17 268 581 394
70 159 591 2
774 673 820 831
720 141 604 2
90 690 506 355
877 545 635 815
869 766 778 693
257 42 305 105
953 312 578 547
419 57 301 916
601 543 164 569
266 329 937 428
771 186 740 799
312 98 577 233
807 407 913 392
967 714 326 92
888 875 941 710
172 209 637 37
551 177 463 948
528 278 702 759
73 978 395 168
117 673 214 328
178 654 901 190
761 849 714 522
450 708 454 842
185 233 846 665
869 621 327 223
288 322 832 75
254 873 315 158
253 89 898 490
457 337 546 641
13 800 533 695
927 767 103 465
13
312 80 276 733
201 180 223 209
906 845 993 919
607 576 823 610
225 530 480 749
878 370 648 780
814 696 692 1
254 12 744 271
281 770 71 344
548 459 591 401
317 209 705 612
262 485 448 448
33 241 85 621
6
16 270 835 474
426 185 292 685
474 420 92 465
398 736 196 707
7 879 447 315
937 103 101 790
