300 0
2 127911 133141
3 46535 86475
3 42054 187951
2 12205 64386
2 47963 155736
2 38722 151243
2 132244 160673
1 86970 104932
2 52749 135647
2 41737 114592
1 12973 78382
1 51041 83592
1 90666 150470
1 39015 89762
3 87992 152856
3 44211 69986
2 36811 37802
2 44718 74794
3 79470 150879
2 87590 95377
1 52764 176802
3 303 112485
3 15245 98356
1 86934 165521
2 57880 175518
3 120062 165123
3 2335 187512
2 45905 153281
2 71187 170276
3 53059 191544
1 56832 75219
1 187172 188270
1 82236 157754
1 15413 146163
1 134804 146587
1 71920 147563
2 28510 79092
1 37377 146144
3 88313 97112
3 38985 45587
2 11873 56212
1 31873 35859
2 53059 166797
1 30666 102896
3 137867 190316
3 93181 122632
2 16057 30196
2 92745 146118
2 40447 177319
2 25681 29708
2 187881 192673
2 63078 104298
2 8604 120715
2 28892 138553
2 82316 199645
3 7462 127100
3 108511 192844
2 59843 175892
1 47626 125201
1 13116 70839
2 148169 194134
1 108360 152464
2 86656 125337
3 54245 144365
2 83554 169727
1 115803 154877
1 49623 166189
3 6555 33935
1 53570 56407
1 71405 125251
1 102754 177704
3 26262 157044
2 90912 154582
3 196015 198246
1 67870 170702
1 57292 195925
1 28318 162611
2 149782 161966
1 81409 187589
3 25769 186421
2 56656 131354
1 22337 135756
1 4819 175538
1 52618 91668
1 102599 184466
2 74956 90766
1 147067 197763
1 134918 158290
3 19222 158609
1 72682 154053
2 2277 26182
1 55968 196552
1 64260 163935
1 17480 68917
3 86902 152684
3 12191 110583
3 40977 199385
2 82691 199487
1 44267 143007
3 68892 128814
3 35781 170875
3 47732 110157
2 24316 153987
1 137951 167250
1 23719 116877
1 4187 23913
2 100200 113357
2 64204 85317
2 46759 193382
2 8481 127472
1 99581 111215
3 72680 114505
3 74481 179052
2 25510 185760
1 69728 179168
2 64048 80091
1 150533 163714
3 49133 87280
2 129065 167975
2 53494 141365
2 34125 125921
3 174481 178909
3 9634 177105
2 157957 187783
3 116687 156067
3 106484 153161
3 50986 189564
2 137321 171603
3 84899 136634
2 155159 180318
3 81438 195027
2 105842 140799
3 94862 126929
3 196 130727
1 137232 182817
3 76994 137469
3 35023 67947
2 49559 59262
1 46702 196892
3 129618 130026
2 171506 182805
3 87449 110934
2 58739 79425
1 12402 134700
1 37284 169631
3 138064 192741
1 37258 126960
1 29688 127250
1 9534 30383
3 97685 139864
2 64219 133509
1 14115 130978
2 72765 181432
2 100649 172353
3 164467 199369
3 3648 136164
2 60506 92827
1 65980 134400
3 61740 96531
2 6918 8769
3 4286 28712
1 68299 109211
1 179411 191373
3 119030 150118
2 79774 198203
2 7192 24565
2 79041 176006
1 23283 172339
1 17293 75217
3 18074 62380
2 55909 153938
1 74919 91156
1 14773 146498
2 26513 37239
1 7870 170858
2 49042 151166
3 177038 183665
3 73544 156329
2 48462 148626
3 111042 181860
3 50547 108003
2 58499 80278
1 103056 140443
1 93537 115465
3 75676 163935
2 19860 155331
2 54711 64830
2 24667 190909
3 86984 178956
2 99187 115187
3 21853 143927
2 22282 65490
3 43518 74599
1 96906 108844
3 103155 110265
1 32187 143391
2 20270 26820
1 146965 147241
3 154848 161253
1 108259 117866
3 78864 131628
3 19265 80419
3 79884 155697
3 25460 129767
3 14147 28021
1 48957 95155
1 30001 116419
1 111944 194232
3 110263 163600
3 85790 91783
3 165899 197344
2 144151 156025
3 99097 128004
1 14753 36642
3 132388 194015
1 107830 188272
1 32888 56476
3 36366 76768
2 33320 45780
2 134694 185884
2 75882 167192
1 130730 179604
2 98209 137627
3 112258 119415
1 41885 108710
1 128684 167290
3 45955 168004
2 90246 148379
3 121401 176093
1 156695 184213
2 30217 37592
1 33697 159719
3 59952 188471
1 28171 65114
1 7162 187350
2 89507 94016
3 97569 171900
3 68999 162383
2 53018 123885
1 39542 122805
3 98391 182656
3 183032 197442
2 67996 113222
1 69304 130199
1 15917 109561
3 74629 182540
2 110261 162145
2 9366 86118
3 26998 167626
2 44318 145462
3 73403 109679
3 83755 92403
1 8780 127476
2 82592 176982
2 49756 74490
1 142827 145580
1 90415 145011
2 12579 152795
3 95955 112944
2 115664 176220
3 168566 184441
2 54805 188889
1 121157 164269
1 77297 108220
3 41847 106461
1 75068 159795
2 119073 169442
1 144271 198627
3 8792 129903
1 10629 141132
3 10367 13882
2 76482 148218
3 88387 183258
2 17659 173022
3 91284 146903
2 97195 132370
3 66652 97298
2 171272 185134
2 33186 35994
1 6162 193546
2 92356 102335
1 14809 183460
1 85309 107933
3 184786 190991
2 8088 137698
3 51123 131378
1 20494 166108
1 95394 176787
3 96541 136898
1 39304 183463
2 7780 198273
1 52311 52428
3 5716 117613
1 41491 135943
2 55925 178610
2 169979 175342
3 136760 163180
3 4099 109083
1 59105 99312
3 97205 192493
