991 9925 55
104 812
360 676
379 173
252 554
526 41
555 432
586 62
326 467
286 131
265 560
845 991
696 253
831 557
737 159
55 118
187 358
554 862
487 570
72 944
911 718
288 393
665 416
809 659
230 760
991 87
168 639
367 530
366 966
831 554
936 530
647 880
351 355
222 248
83 937
422 481
779 328
93 644
487 963
188 595
245 38
131 437
551 168
333 64
788 76
760 633
230 139
440 30
198 725
382 555
887 294
167 673
851 236
971 507
488 108
406 970
264 353
722 53
45 362
515 252
657 543
291 20
455 197
77 913
920 929
168 706
133 568
224 806
936 41
461 754
265 403
934 686
105 280
508 836
193 238
843 168
549 842
56 302
989 666
132 928
214 638
839 197
931 1
286 810
518 263
70 358
235 67
312 305
938 577
38 130
245 268
536 342
300 772
983 358
557 794
718 281
508 592
589 71
767 279
556 771
274 283
771 540
194 926
370 333
21 533
45 543
705 971
605 565
777 607
357 655
314 403
581 183
760 709
836 604
77 682
768 437
353 799
358 470
56 911
284 449
439 256
856 376
505 535
23 703
382 12
154 228
102 940
148 826
133 774
217 143
401 834
238 217
349 273
288 23
598 971
706 390
845 750
173 469
593 834
971 15
221 361
241 766
21 592
73 679
469 661
71 623
449 780
549 265
887 20
110 880
46 110
179 47
642 264
701 360
637 224
529 827
446 876
886 584
422 550
303 260
385 704
231 943
587 324
165 196
703 34
944 350
403 963
776 862
914 901
772 740
293 912
912 394
409 768
958 729
13 588
867 526
657 828
84 804
820 800
302 357
971 623
397 697
426 365
696 412
464 880
333 605
19 710
446 388
952 334
513 509
145 501
110 905
577 475
191 914
196 11
139 320
149 475
721 657
227 912
897 446
378 660
546 717
642 847
692 297
333 16
204 221
17 15
903 896
422 814
73 501
896 240
430 478
817 276
659 557
419 271
501 144
397 440
836 139
938 279
412 546
906 170
577 782
622 658
353 691
427 602
775 954
110 924
914 487
944 380
394 839
964 656
411 288
518 565
716 302
189 667
181 329
991 563
206 279
680 822
59 565
529 144
621 717
592 604
168 936
874 94
718 291
204 886
583 375
463 52
982 882
401 657
261 564
888 161
632 518
488 542
430 819
428 974
319 67
497 430
701 814
960 282
346 720
951 344
886 681
308 596
361 326
909 422
197 207
759 467
919 738
27 394
675 501
485 894
722 280
467 709
713 231
538 718
786 456
700 346
7 463
934 563
677 130
319 215
871 590
41 601
983 591
250 484
161 661
250 680
72 746
584 783
143 876
969 816
397 16
491 697
275 735
488 833
728 895
167 8
161 175
819 503
817 605
315 620
934 930
334 895
77 788
353 447
49 699
453 47
205 381
291 596
291 787
648 91
291 736
542 116
118 558
51 80
819 967
401 352
304 424
738 546
638 955
541 582
30 44
120 80
515 72
702 325
753 705
954 333
702 955
958 621
178 45
138 882
706 206
822 565
260 580
618 762
447 678
295 108
679 75
223 1
321 85
561 897
963 394
170 74
669 96
14 792
853 84
8 67
386 229
744 928
566 217
77 86
298 417
505 462
400 342
786 813
158 848
799 638
742 35
171 588
211 820
231 637
685 641
426 110
688 79
657 786
526 220
571 113
918 625
901 940
807 768
558 925
53 565
115 294
462 783
3 35
947 277
522 920
721 288
376 20
430 940
110 93
884 2
452 307
691 362
81 175
722 367
765 103
933 563
880 238
836 530
650 427
584 722
971 932
598 173
988 954
557 944
366 773
943 395
294 162
176 296
80 360
954 779
79 524
464 261
824 315
950 964
429 101
989 333
438 180
774 571
932 728
745 49
891 832
46 876
707 898
536 76
532 618
441 551
431 410
302 286
539 267
661 62
149 449
598 395
634 386
494 694
23 637
20 424
108 312
484 911
513 385
82 822
530 592
441 162
177 580
339 334
833 666
720 394
314 789
586 57
897 40
158 370
386 229
567 478
453 891
314 200
170 221
209 945
481 441
591 586
660 773
327 532
819 796
849 507
918 426
676 786
360 93
956 510
291 680
15 876
40 12
96 985
62 679
954 952
138 192
196 640
563 175
524 839
946 124
408 604
138 910
325 988
10 316
311 821
809 230
887 592
950 829
403 361
735 369
811 302
453 294
964 790
772 879
608 81
501 388
815 587
264 194
290 237
932 466
112 345
595 666
680 422
52 847
308 671
812 59
767 660
564 214
71 580
229 335
822 334
227 343
545 154
367 557
380 661
591 618
568 209
658 107
192 285
470 449
491 671
847 529
501 314
539 27
334 650
127 81
687 694
481 792
439 826
622 96
777 671
634 904
215 666
370 557
181 800
538 853
860 615
894 346
219 383
169 278
903 222
204 352
956 17
121 279
196 908
698 933
633 259
550 564
559 644
916 191
449 394
87 375
609 130
892 884
17 481
460 631
715 527
79 141
595 11
220 682
145 780
823 819
449 501
52 810
281 908
673 856
62 61
280 309
97 647
822 370
542 645
121 107
22 539
115 494
52 273
691 620
493 390
583 64
515 118
166 657
456 760
416 934
460 312
523 789
713 276
954 679
438 570
204 831
34 321
158 316
265 395
804 639
390 278
949 160
392 577
976 626
689 703
439 535
132 270
163 696
449 76
566 75
221 703
251 400
71 400
206 102
847 276
746 158
189 856
677 2
7 361
400 290
369 38
792 706
817 595
669 294
639 329
446 911
77 591
339 116
855 959
157 846
524 373
702 374
618 868
845 859
783 906
345 737
949 17
279 261
523 492
599 350
390 783
990 880
700 494
545 665
64 745
252 192
964 189
227 952
889 412
560 292
171 482
295 439
518 745
40 621
720 235
17 173
365 49
72 896
843 856
879 940
25 472
822 374
93 779
251 985
474 586
610 699
175 262
369 571
666 986
843 277
662 50
943 158
666 744
365 16
317 124
395 951
908 14
697 694
310 276
804 47
951 533
369 133
595 835
63 914
596 572
86 50
79 71
900 534
284 188
558 856
368 13
425 516
169 64
709 820
687 61
598 943
563 412
768 254
131 717
554 683
401 487
47 828
303 817
523 638
543 908
308 241
515 241
80 903
518 156
198 827
499 741
386 401
631 776
192 140
283 14
41 445
666 495
364 363
952 376
179 853
294 703
441 284
492 212
147 450
612 595
238 321
819 211
204 833
314 146
511 555
811 329
649 379
214 133
49 312
717 57
930 853
194 375
8 361
853 811
654 157
72 467
954 97
853 80
467 518
962 887
44 158
870 481
851 684
484 740
466 697
826 676
288 523
183 699
487 379
948 45
903 830
896 939
794 73
985 984
772 412
574 960
759 278
307 574
622 290
241 783
794 817
849 875
446 442
88 658
901 555
792 120
564 416
906 518
735 367
530 403
484 588
291 827
964 759
492 120
434 50
633 411
120 75
371 198
961 885
162 87
293 783
234 395
846 721
774 411
976 115
84 456
598 889
689 703
194 77
787 187
873 424
110 722
794 584
397 542
589 479
511 244
577 880
171 379
349 584
743 107
430 759
222 118
140 455
387 103
277 255
835 737
940 46
960 71
630 933
912 529
530 895
732 416
98 360
706 51
955 580
884 700
666 2
819 222
40 576
911 456
215 101
591 194
107 570
901 430
830 94
542 952
969 321
564 59
871 676
189 45
375 319
534 205
927 513
953 351
187 42
334 973
787 12
565 903
168 573
729 120
559 80
462 661
445 870
397 427
374 660
578 319
177 221
618 555
380 426
82 256
667 933
567 912
759 745
178 53
642 255
779 787
160 272
666 847
768 246
21 620
886 256
56 463
261 814
498 109
835 126
93 11
196 417
799 228
30 705
251 878
469 16
504 481
686 108
729 424
642 488
574 504
494 662
30 602
155 76
204 548
427 63
856 864
671 946
166 302
178 947
263 629
427 926
426 278
422 48
873 481
364 554
498 643
721 21
744 722
387 862
532 343
878 387
380 911
876 311
28 794
636 555
469 216
366 753
484 955
470 596
656 709
667 228
612 247
286 930
439 219
313 289
187 329
782 927
953 768
5 139
53 903
510 530
522 696
283 755
361 588
350 540
64 187
559 488
864 328
621 908
133 608
833 725
559 328
989 30
346 327
970 800
839 94
580 361
768 238
405 714
722 84
64 488
709 934
432 524
6 449
15 38
30 228
523 70
281 18
374 792
373 263
779 584
478 399
504 896
64 810
539 282
989 427
265 108
789 367
16 167
411 357
366 533
348 34
595 522
959 903
141 87
964 175
630 953
804 911
930 932
637 617
200 430
896 515
320 488
218 445
548 856
774 826
946 201
80 256
179 602
916 584
409 666
376 291
604 430
680 469
722 792
344 518
16 117
792 916
187 27
184 466
945 91
189 307
424 403
437 522
787 625
228 799
783 168
595 211
346 187
895 773
669 214
386 964
786 502
268 88
912 627
851 671
31 636
171 508
886 117
879 627
465 790
615 319
339 753
505 329
827 173
589 96
989 379
950 156
691 168
543 77
906 753
332 79
82 930
252 876
34 71
189 173
722 355
367 518
828 144
593 356
627 835
110 695
677 530
928 985
740 54
27 205
207 965
828 291
85 630
691 401
928 943
295 116
864 358
620 726
584 349
302 188
8 894
170 121
606 659
907 531
984 831
400 812
94 281
485 696
515 703
590 330
179 188
378 284
264 160
554 889
960 261
223 584
516 615
6 176
381 853
52 315
985 400
916 952
535 550
567 615
378 833
636 549
623 830
845 118
46 137
680 201
15 924
390 202
67 352
203 6
737 956
556 376
774 671
689 696
925 528
8 820
282 315
960 351
608 681
729 548
661 660
740 696
139 814
768 880
107 368
771 702
459 96
157 932
977 917
289 793
810 524
497 104
49 933
827 445
870 151
317 282
107 617
184 229
556 544
656 727
817 691
238 16
984 169
545 41
929 131
665 40
98 208
462 817
672 3
545 667
846 487
210 928
28 826
604 761
50 960
449 134
764 784
907 16
302 574
422 831
368 535
314 175
591 438
333 529
794 110
680 16
536 173
400 485
910 756
819 503
947 191
208 160
822 91
845 944
558 412
291 621
93 789
238 165
587 581
535 792
300 224
458 384
231 253
863 709
916 57
188 581
762 667
753 775
715 850
108 643
574 460
302 951
61 498
217 589
705 76
165 484
936 314
678 596
355 882
200 897
627 709
880 914
700 536
648 204
374 623
900 116
154 550
441 819
896 162
555 178
961 474
839 884
792 53
220 366
392 813
745 630
5 144
728 819
272 286
485 732
460 587
173 952
86 772
61 956
238 407
502 776
721 295
621 373
261 460
786 329
745 427
27 124
192 77
880 628
370 214
785 42
645 746
253 367
732 944
745 989
597 824
205 254
824 319
440 615
935 843
602 983
401 34
217 13
93 169
505 382
895 722
178 61
208 261
807 85
38 642
457 722
983 843
446 260
772 623
439 834
362 925
809 615
773 320
873 627
61 601
14 324
84 307
840 946
173 167
625 752
325 851
493 198
423 200
879 819
985 233
829 422
633 160
487 449
556 826
965 13
184 352
453 127
373 762
284 784
130 847
841 35
219 950
748 454
733 752
983 554
974 106
463 239
829 394
627 392
847 685
605 567
47 622
175 721
63 566
113 84
197 67
50 162
661 184
860 139
820 815
813 302
886 144
269 618
495 587
983 903
638 47
782 533
372 82
661 700
747 238
615 255
660 681
684 241
189 430
913 548
940 494
596 991
718 456
184 598
553 844
879 352
412 949
184 775
650 392
501 671
581 642
355 990
351 105
491 114
453 116
663 990
12 934
504 768
96 228
457 494
535 50
963 621
740 623
971 657
835 678
191 386
649 317
758 687
414 670
813 536
880 748
282 526
820 346
17 879
194 622
666 37
149 930
319 314
426 554
980 408
121 50
378 887
122 743
64 815
813 897
84 503
234 658
45 197
371 810
973 249
782 427
701 215
156 380
918 421
446 84
558 671
534 409
244 309
325 87
196 144
986 214
334 516
926 754
505 154
124 206
792 563
173 313
144 102
601 598
522 208
87 761
701 545
559 308
637 508
168 509
938 773
891 701
55 673
543 810
860 260
34 63
544 713
67 598
542 362
280 920
782 463
639 492
873 133
602 894
928 444
57 842
205 589
753 812
222 276
98 608
339 908
89 70
792 676
506 840
414 462
945 685
680 187
139 491
761 527
957 641
948 695
978 545
173 324
886 365
491 63
535 55
82 230
74 725
54 189
673 928
158 782
683 772
727 353
278 515
538 72
872 251
80 737
290 594
529 189
647 493
54 640
449 187
21 41
206 47
442 157
638 239
219 427
364 655
279 46
492 812
965 125
412 584
283 571
78 294
916 618
21 492
86 625
545 62
510 184
509 7
574 779
683 105
487 395
168 44
847 334
773 661
264 760
157 567
390 783
380 843
534 87
880 810
843 187
990 557
309 362
333 365
807 261
884 439
459 350
273 959
439 830
498 896
205 280
430 76
549 165
665 178
717 949
428 189
812 482
430 12
774 144
504 390
681 862
836 989
605 134
813 449
328 437
722 378
897 408
412 644
397 782
673 515
333 224
117 735
175 584
697 990
660 819
847 160
773 134
928 627
403 162
633 504
400 636
522 853
68 111
958 733
696 945
466 551
358 284
57 810
42 856
812 158
288 548
212 27
131 891
118 466
378 618
822 845
822 469
539 557
424 812
771 989
503 959
38 879
548 756
386 696
989 260
916 894
293 517
535 551
8 718
427 16
503 913
11 768
173 864
470 11
268 326
876 584
360 953
149 623
577 847
478 47
190 624
762 686
264 56
633 409
63 535
635 105
534 650
246 792
951 211
397 504
787 456
630 456
422 757
956 592
309 953
817 895
291 287
799 56
729 497
938 853
319 621
558 566
40 680
291 883
745 505
246 94
273 97
165 787
235 22
538 350
950 503
46 549
671 709
278 96
265 927
124 254
333 395
434 433
182 84
621 64
373 18
317 768
435 969
229 422
176 472
344 914
622 834
11 908
614 830
673 787
302 565
329 353
703 535
165 804
524 403
911 536
207 891
201 879
21 862
727 933
216 519
230 546
113 124
252 449
983 504
311 846
612 108
875 330
155 365
596 448
422 516
8 494
991 234
382 20
116 950
494 944
114 348
217 266
720 891
953 55
685 357
657 947
456 349
328 913
715 183
437 745
386 234
720 48
331 263
280 762
246 333
521 964
828 394
717 293
701 526
248 801
592 604
28 665
268 761
263 198
459 780
789 700
851 580
72 282
788 413
441 193
836 426
873 184
65 555
401 523
667 761
530 504
311 752
2 558
585 169
107 558
366 61
878 141
392 309
717 912
884 836
930 570
725 913
478 297
440 613
187 990
753 469
334 936
288 503
76 947
371 932
679 470
825 852
23 430
515 161
762 833
625 677
681 44
831 470
73 873
37 812
836 954
321 963
740 234
688 958
570 803
771 118
130 357
40 810
217 984
464 401
698 22
120 889
241 630
660 828
650 286
238 916
638 615
505 256
669 446
548 574
375 264
20 878
563 141
588 293
799 557
961 936
556 286
10 68
13 705
149 234
956 843
582 482
621 236
44 14
721 214
725 940
403 864
332 11
596 351
411 550
196 657
856 448
453 470
175 774
952 228
214 357
175 760
403 822
906 987
303 173
930 127
319 947
916 593
501 55
218 466
979 899
470 399
449 862
369 643
676 230
938 826
44 150
683 194
54 233
813 666
127 555
613 464
444 302
408 602
116 245
194 505
746 139
818 763
425 197
870 197
363 472
564 953
57 592
522 535
451 790
440 908
703 669
78 447
638 326
945 932
954 944
167 571
286 535
913 856
829 105
173 31
498 788
988 41
194 46
394 559
278 983
665 860
381 689
291 53
827 377
32 721
618 448
789 509
59 926
62 955
68 358
863 211
814 209
369 813
463 333
219 834
864 455
983 667
53 245
342 133
794 631
29 973
326 767
76 375
196 787
530 810
464 494
466 94
759 149
565 170
82 284
820 184
88 448
895 110
828 526
326 441
199 210
171 564
759 56
456 683
469 263
807 945
550 944
721 3
924 379
906 817
812 804
268 254
229 437
524 491
673 102
984 44
874 324
879 617
399 332
445 173
535 873
666 124
308 302
492 84
93 403
382 146
876 263
665 346
467 744
196 71
6 232
516 648
817 312
334 325
234 581
250 75
834 509
697 911
84 912
643 144
282 623
374 457
276 469
772 880
934 927
3 57
717 102
960 459
464 511
256 847
678 649
254 210
718 459
453 245
962 426
150 130
256 74
404 668
944 85
515 682
43 847
651 104
327 767
831 67
697 342
367 346
13 589
62 665
291 183
748 534
427 985
638 366
599 91
9 75
577 265
375 815
618 252
913 772
302 555
380 588
277 827
35 129
113 776
357 194
67 403
762 370
297 313
62 508
86 735
371 79
886 445
50 188
903 784
540 247
394 816
158 830
21 783
41 786
908 949
503 689
62 815
282 93
219 835
648 260
452 924
128 146
828 361
822 618
537 3
875 88
806 807
728 709
730 317
665 614
104 644
285 115
346 827
926 395
412 650
413 728
763 19
384 392
509 511
625 911
673 83
170 536
264 860
265 935
735 28
503 846
934 476
35 159
410 665
169 508
926 253
61 779
511 952
408 623
169 800
317 282
453 546
725 41
62 570
639 13
120 184
55 649
828 706
394 324
958 882
191 466
192 743
583 456
751 832
960 71
127 53
990 631
640 449
598 497
744 324
411 430
63 91
302 41
989 215
306 438
204 511
971 788
794 940
572 434
476 662
53 279
86 470
878 777
378 279
847 273
845 530
810 956
556 799
197 637
812 627
681 251
38 467
54 120
548 261
56 265
376 644
222 546
71 117
895 799
618 366
971 63
20 355
380 631
513 177
57 688
431 321
812 255
833 691
536 211
238 548
924 633
696 761
980 443
753 633
863 618
696 870
284 395
721 625
250 946
295 665
293 114
742 842
256 701
200 539
780 168
884 334
73 382
880 554
529 253
678 162
684 523
403 711
381 492
11 650
735 206
685 988
344 303
546 663
721 794
640 88
845 279
511 62
38 5
743 209
141 117
609 721
846 231
356 481
45 617
703 238
843 587
515 614
516 822
830 878
851 598
891 689
170 198
256 887
76 894
864 828
76 41
73 602
5 826
448 392
981 254
792 740
302 488
880 453
408 13
835 342
722 761
444 763
894 277
252 117
523 780
397 67
969 100
799 593
876 627
265 539
347 200
410 839
528 743
927 813
228 959
47 312
523 12
804 566
42 315
237 876
574 280
548 302
302 254
934 786
556 642
165 580
947 983
829 246
878 771
927 73
193 279
94 929
494 817
372 800
713 98
633 685
729 524
238 960
958 908
673 91
852 842
676 897
395 753
863 844
765 818
938 217
230 838
184 427
548 954
658 957
342 157
122 174
307 463
150 173
526 718
669 604
175 264
593 812
94 648
205 684
292 621
165 548
884 276
920 312
689 416
914 920
588 964
30 143
453 841
518 838
853 151
178 591
699 210
253 581
294 637
437 28
178 935
702 381
988 246
676 566
721 67
879 77
212 944
96 895
762 392
574 169
168 721
689 925
934 856
250 278
678 241
286 368
845 381
295 41
862 586
759 669
673 93
706 946
678 991
476 810
957 944
86 50
599 124
589 19
707 175
776 260
835 7
879 470
853 534
567 493
277 374
722 245
482 644
87 761
485 614
605 845
667 215
312 464
556 593
38 938
314 515
928 486
990 775
988 870
194 896
515 705
648 543
55 446
73 577
620 879
192 21
411 581
15 542
64 639
944 399
729 901
184 653
13 554
819 376
728 511
201 625
263 959
467 86
493 365
534 839
453 61
349 546
696 676
93 82
290 990
288 426
94 847
309 539
729 504
121 559
444 449
33 501
594 292
66 517
696 755
110 878
543 362
925 673
355 626
740 813
330 574
256 84
319 430
459 926
638 192
284 75
161 490
589 546
671 7
473 367
453 870
231 753
350 878
222 149
288 238
850 174
557 673
220 414
235 154
264 27
39 566
540 261
943 277
491 200
442 511
238 669
946 11
506 363
77 988
495 949
833 680
771 12
47 141
377 17
737 680
628 758
863 228
946 315
149 556
466 55
210 917
988 422
884 390
584 887
511 326
128 926
462 543
16 718
403 827
218 689
254 814
266 905
200 720
376 427
537 26
27 851
673 932
194 920
30 94
192 949
990 642
110 244
549 494
346 605
253 23
985 963
466 373
47 416
927 900
697 228
912 914
254 12
12 644
633 156
822 631
678 633
367 677
820 773
666 320
631 286
260 18
283 401
394 57
851 369
916 427
130 448
350 156
918 394
84 538
426 984
291 967
294 218
364 220
611 923
807 291
346 14
256 448
30 810
208 224
84 983
601 491
835 702
253 2
815 989
308 494
564 441
73 464
257 466
21 924
543 414
548 386
290 378
951 740
721 224
321 444
935 928
173 639
329 925
87 230
665 539
23 309
228 381
686 84
102 693
901 487
623 824
48 483
648 440
8 344
911 470
71 397
468 325
15 949
511 379
142 355
717 985
505 830
894 783
193 40
748 959
542 367
666 943
205 839
374 700
382 807
678 441
889 788
880 161
826 570
806 403
735 192
903 353
685 581
117 244
975 475
991 768
75 303
44 439
359 292
153 121
577 925
470 229
187 595
145 636
743 146
896 397
540 212
510 863
789 644
681 342
498 358
257 134
193 901
298 749
78 200
768 953
11 584
903 636
440 701
264 856
353 889
162 231
187 162
191 879
522 978
584 349
677 811
891 799
887 959
732 264
735 27
587 394
663 310
641 240
62 701
22 731
941 149
597 146
204 81
57 67
212 788
975 115
735 563
207 477
263 691
767 141
78 85
546 897
519 489
669 427
611 535
820 705
424 601
362 847
414 964
599 241
570 81
587 546
792 206
53 759
808 348
409 260
42 709
565 828
908 955
688 949
664 693
459 673
630 302
414 767
938 117
473 475
887 98
328 379
94 369
501 71
868 395
913 515
815 294
368 513
953 453
158 37
949 950
392 829
862 817
591 548
50 971
940 178
102 862
595 59
783 792
403 5
118 247
549 98
916 460
154 925
201 11
685 216
247 827
636 529
822 984
276 211
959 744
367 478
698 709
557 440
117 205
460 189
378 280
827 207
686 102
640 563
179 462
958 256
394 205
178 906
172 883
323 30
293 34
144 167
20 577
196 571
204 14
627 254
236 184
295 410
787 376
561 632
761 650
104 85
326 85
113 703
745 194
88 889
361 53
478 386
206 984
471 207
295 700
697 211
873 990
925 508
367 445
836 425
482 574
649 150
535 780
829 437
571 369
764 139
193 833
18 424
576 593
304 60
30 260
649 231
588 308
565 191
845 929
392 943
842 20
203 664
467 254
536 515
17 986
460 357
30 280
23 666
162 86
826 5
373 700
955 482
601 173
510 505
865 219
476 774
179 173
880 986
85 87
488 113
381 558
350 661
843 570
277 397
777 228
938 627
399 563
689 556
302 44
229 978
923 951
58 718
708 773
66 73
762 492
14 215
401 430
295 206
352 652
286 952
636 350
938 622
279 350
503 319
786 422
149 294
565 425
196 133
411 79
475 960
82 160
526 18
894 826
492 295
394 358
616 697
326 88
150 66
321 71
622 96
124 774
131 162
91 462
593 587
904 832
80 17
162 214
797 622
696 508
499 500
643 649
463 959
510 549
120 914
944 779
40 776
535 945
745 874
156 538
196 201
778 187
570 518
862 279
545 691
496 829
27 947
538 493
100 698
273 868
817 42
700 747
432 564
378 957
814 842
206 913
684 743
735 375
11 46
776 401
355 139
963 252
964 158
497 926
116 40
926 192
416 647
497 314
17 293
14 356
724 323
528 252
540 812
853 807
440 591
416 23
828 874
482 908
259 188
669 621
864 454
772 127
776 444
160 238
947 540
917 249
617 383
876 874
643 205
84 77
296 59
30 121
308 321
441 411
379 8
351 254
772 850
12 36
236 839
84 373
897 833
564 622
211 44
230 851
827 457
801 906
895 5
897 584
358 854
261 578
219 588
988 511
160 948
211 630
964 695
151 332
955 948
79 947
590 941
484 640
260 511
476 772
787 86
620 74
686 5
45 228
280 481
425 160
244 826
924 599
494 61
737 680
410 548
464 400
150 516
229 988
195 99
144 913
877 563
595 897
986 334
110 505
246 544
523 252
879 462
774 646
845 14
916 70
82 817
188 178
856 380
23 240
437 501
957 320
842 879
79 589
307 88
822 684
188 424
451 633
559 28
133 986
536 329
131 958
684 759
80 193
345 409
918 494
933 325
658 927
771 725
945 911
526 828
830 117
617 902
860 918
184 810
767 414
812 644
591 456
487 953
684 324
119 492
320 448
86 538
686 373
523 883
64 49
167 929
352 291
926 528
347 661
777 897
965 536
926 362
8 767
217 580
558 920
394 627
681 516
666 957
16 411
395 108
658 265
171 566
211 76
883 312
307 280
620 672
540 449
526 767
468 144
171 988
412 847
430 827
726 695
264 349
227 581
56 14
556 589
804 495
522 485
529 485
928 743
896 335
884 990
591 540
777 771
462 559
845 456
811 427
689 445
5 47
512 613
633 928
463 382
184 516
589 61
917 823
288 286
898 770
505 574
567 13
811 627
680 491
412 184
263 588
618 950
658 57
658 104
906 596
642 356
580 735
602 827
160 494
246 603
764 125
508 677
141 167
554 950
836 812
628 597
14 942
210 671
618 54
896 792
794 50
605 522
474 476
457 93
77 116
353 27
470 67
720 621
14 701
484 602
685 413
683 728
588 845
789 908
728 201
929 961
104 642
234 252
492 98
67 618
964 321
462 487
605 165
592 518
399 831
755 729
352 678
933 149
321 293
408 505
370 321
762 57
856 238
171 498
657 96
565 71
904 460
169 697
637 236
883 794
798 836
108 20
721 559
355 822
187 376
580 932
57 890
573 570
485 218
349 623
325 960
546 141
566 329
498 312
870 761
241 468
883 133
74 358
906 238
252 529
12 54
503 85
503 379
144 72
804 743
863 211
209 718
756 613
796 623
647 76
127 309
451 252
644 224
148 847
657 500
483 205
861 963
685 96
744 62
587 827
215 52
959 665
526 935
610 76
358 700
686 99
406 168
317 953
324 954
945 786
625 564
522 544
379 633
623 325
503 676
307 288
492 530
295 589
74 735
523 586
505 770
127 169
950 845
940 108
622 572
39 479
787 156
219 365
564 795
218 116
813 870
759 263
382 234
799 780
864 564
296 123
846 725
54 412
554 673
150 30
601 408
403 171
349 787
158 760
165 753
439 329
378 485
481 761
791 397
529 554
255 503
835 196
162 717
63 678
831 591
189 889
660 12
599 895
928 924
559 62
663 897
684 700
685 901
534 320
422 504
165 31
416 822
113 570
508 459
858 580
829 75
709 520
353 651
551 615
190 415
187 333
864 943
248 647
813 379
725 467
503 34
245 355
515 456
986 71
679 131
498 147
449 986
621 863
420 642
676 400
331 812
661 776
853 701
756 850
287 447
238 557
574 290
462 379
365 935
319 299
38 682
395 815
54 565
842 256
278 588
789 575
603 858
912 403
235 448
620 411
920 119
761 835
903 511
671 358
591 743
804 464
696 463
160 430
814 392
503 85
539 422
93 876
468 877
400 113
217 920
843 637
188 951
293 241
492 402
102 555
303 438
563 105
657 284
792 150
598 352
630 18
593 782
170 197
678 358
124 342
660 426
895 426
593 689
753 459
959 510
706 23
159 4
485 823
99 613
615 403
302 276
50 771
158 587
779 811
518 862
921 117
955 469
984 856
673 860
555 191
707 680
38 883
263 234
255 794
154 408
636 957
346 819
209 657
218 412
280 454
701 843
318 777
462 166
900 658
260 467
602 700
333 466
362 661
217 67
168 548
799 912
540 586
278 903
679 351
513 82
716 168
685 914
551 231
259 350
177 537
320 804
230 583
934 211
497 639
509 688
936 602
277 97
943 721
883 374
234 746
820 928
794 18
718 382
355 807
232 793
709 794
361 584
69 533
260 425
308 989
811 820
608 320
773 221
743 209
839 879
894 264
836 556
661 279
282 127
878 524
538 355
11 277
467 943
815 376
179 44
970 22
346 464
175 410
601 679
851 530
523 131
170 374
150 319
835 206
602 720
799 958
705 471
5 630
84 567
630 20
860 535
356 631
937 813
254 925
650 268
862 586
290 5
54 319
278 84
236 677
771 930
120 782
791 704
312 129
702 358
951 666
622 130
900 76
911 777
382 152
678 627
564 235
448 481
517 718
518 759
991 478
856 564
567 839
676 205
448 201
671 179
920 938
75 134
558 459
179 836
618 557
102 671
260 666
279 77
640 869
542 265
720 570
373 492
177 52
432 762
991 986
776 121
171 369
762 201
924 685
212 949
368 2
820 649
960 273
288 218
901 922
591 722
334 303
390 276
743 170
152 805
487 599
583 768
388 57
688 583
640 991
615 234
204 346
439 743
908 548
118 264
432 295
432 879
96 94
414 333
822 278
107 104
697 943
467 17
85 63
553 53
540 862
193 456
731 248
659 884
740 660
657 608
37 254
251 405
46 230
337 662
229 399
566 681
876 509
945 912
952 315
317 826
760 550
67 422
2 54
501 362
2 390
399 951
315 280
64 802
412 38
920 856
353 333
949 481
813 280
780 954
681 201
164 337
526 427
482 896
211 817
960 358
873 581
397 88
34 862
315 487
469 566
117 279
811 984
490 574
895 279
683 491
984 932
201 702
852 765
284 883
752 578
481 920
222 845
847 801
19 607
884 147
268 557
842 360
67 382
373 771
504 67
542 989
657 599
830 96
935 98
369 526
41 173
943 294
218 933
920 556
88 548
286 949
497 792
53 949
658 46
673 127
776 926
829 263
82 702
529 878
934 113
462 368
614 767
280 253
34 669
243 204
302 522
64 916
108 408
689 478
476 118
131 349
412 344
934 895
817 467
583 229
449 685
481 40
209 671
357 170
620 228
477 471
926 485
573 973
338 939
14 40
76 602
309 586
38 912
585 160
938 845
551 20
11 46
760 207
395 723
134 424
16 584
349 623
897 851
16 432
34 684
535 23
902 713
317 650
836 168
581 357
946 47
201 574
425 189
346 408
360 230
434 793
235 792
659 127
689 63
14 94
246 975
388 855
855 85
762 175
81 924
548 373
342 900
601 671
76 188
268 392
897 709
842 44
492 194
224 356
156 674
421 785
56 543
217 669
451 343
353 886
957 75
490 340
888 479
860 815
823 733
488 360
667 918
234 829
156 482
842 570
164 82
118 261
723 676
538 867
315 279
47 598
411 949
312 482
851 945
211 637
459 787
943 550
416 124
593 376
912 65
196 862
73 954
144 830
831 589
856 984
423 515
943 990
102 302
824 922
23 891
739 855
991 102
59 198
887 717
184 648
320 314
290 860
161 621
929 574
604 408
32 240
794 445
512 666
637 291
42 11
546 193
940 955
344 179
725 602
541 455
941 540
381 767
746 290
596 287
303 943
408 827
98 358
17 495
252 951
763 55
519 262
222 211
745 281
574 175
282 290
598 954
886 23
403 294
446 735
671 234
933 665
673 985
918 856
623 633
556 951
189 395
953 64
927 409
273 534
952 959
5 789
494 28
444 545
879 260
59 133
886 205
326 194
863 966
810 851
368 866
737 229
463 320
442 625
565 236
901 946
815 478
437 952
390 744
765 822
116 503
639 54
604 863
320 753
127 989
118 834
478 366
206 154
253 3
161 953
783 684
294 925
539 636
400 53
104 946
446 272
456 971
268 308
206 630
8 21
191 891
620 497
200 943
189 505
33 405
462 676
551 954
649 56
215 42
605 866
539 551
485 856
913 732
257 878
81 21
571 538
851 234
605 274
246 371
302 783
584 2
735 34
883 676
329 528
864 381
205 650
947 940
777 503
50 846
518 293
697 788
456 368
598 649
949 255
762 957
636 173
830 498
819 720
5 268
842 598
721 105
706 853
949 636
430 380
379 703
11 205
583 295
401 430
361 290
788 574
953 991
617 878
895 118
957 776
234 971
307 409
642 23
69 970
559 96
717 134
481 894
369 897
97 17
605 211
901 577
765 37
361 963
964 592
598 276
509 173
621 814
47 767
622 556
107 699
518 493
908 449
255 970
121 308
581 460
945 241
353 657
887 414
76 307
255 200
105 8
958 492
957 685
792 165
204 230
359 933
639 396
16 891
677 561
819 455
57 933
189 518
960 171
522 864
346 985
940 516
211 40
780 628
294 20
304 96
91 720
376 924
936 139
676 230
735 964
680 45
305 701
273 879
787 792
535 883
370 175
200 150
374 229
546 688
539 947
41 208
602 469
540 710
875 713
648 86
205 757
897 986
52 868
154 721
113 602
639 71
303 981
139 657
559 956
530 528
445 649
353 697
388 173
131 184
145 310
378 168
699 725
639 57
197 495
368 156
642 50
163 990
77 283
685 853
341 484
353 649
313 275
23 691
853 878
831 788
139 18
555 542
635 47
356 588
342 831
614 543
810 661
324 218
362 380
564 318
478 660
71 408
162 991
149 440
949 680
211 878
539 263
579 406
912 411
614 957
729 481
830 15
741 256
703 600
828 27
328 256
583 886
161 934
494 900
365 308
894 74
906 29
518 150
233 460
720 685
534 168
264 437
492 367
788 874
430 887
166 929
61 958
522 794
184 198
649 495
767 184
27 696
428 463
355 535
501 534
188 367
13 430
851 188
366 108
820 744
658 209
693 640
276 503
842 326
308 772
84 470
737 403
361 231
41 730
21 511
179 565
369 133
721 179
648 833
175 230
366 262
897 983
705 691
926 254
983 587
59 577
85 570
353 805
222 621
558 419
895 950
453 355
522 412
542 836
938 96
912 195
87 642
374 912
71 707
80 212
529 631
315 466
391 40
590 295
319 927
467 197
96 879
2 160
2 808
197 50
31 470
158 912
983 557
700 245
14 782
87 837
783 925
524 813
826 277
824 719
621 510
351 294
625 192
382 34
469 178
551 570
799 669
248 624
964 214
536 157
212 46
826 325
598 666
883 492
918 658
320 367
71 433
920 776
314 64
584 426
253 623
13 325
935 194
94 459
886 76
495 430
246 602
880 779
677 21
930 991
550 358
989 925
367 162
198 722
511 254
130 616
56 134
581 196
427 717
293 709
273 487
74 586
625 914
356 198
817 208
703 971
515 697
617 388
949 498
414 799
696 950
240 906
37 44
261 351
717 955
746 822
833 586
900 550
463 460
543 824
725 729
302 720
657 457
602 589
123 43
487 505
202 403
261 866
954 988
950 952
605 534
401 809
4 176
746 444
314 213
37 378
772 584
65 445
97 959
623 394
498 260
88 470
946 416
627 491
743 671
2 828
862 466
134 440
325 451
293 175
382 986
580 376
403 580
50 382
503 884
189 264
497 874
113 925
510 252
307 794
381 45
559 593
71 831
510 37
200 528
209 254
918 570
64 191
811 736
81 956
991 444
947 883
464 381
330 657
836 592
574 737
373 701
30 927
279 873
709 80
378 219
470 592
513 756
767 953
673 184
360 863
229 453
462 14
185 990
291 62
545 403
86 38
544 523
608 971
82 794
20 836
39 295
625 744
924 85
879 523
252 676
892 139
834 21
448 97
321 310
846 596
787 80
855 110
369 386
230 853
395 96
633 230
952 22
161 804
493 555
661 108
746 353
959 485
193 934
725 29
758 271
542 934
850 397
522 63
76 276
960 728
856 354
776 81
145 826
317 513
277 409
406 315
722 959
293 26
288 37
912 339
835 536
783 511
798 277
264 14
815 252
555 743
236 134
639 879
677 386
462 587
938 342
790 361
144 548
349 949
548 528
423 414
73 780
938 326
392 567
744 723
203 163
550 580
394 787
456 782
130 386
178 121
647 219
82 165
666 947
464 353
876 831
846 856
414 819
256 622
308 746
191 601
139 163
344 960
684 364
671 422
856 925
173 535
245 15
842 700
492 261
334 564
388 878
794 53
956 586
390 245
932 769
565 255
282 463
581 897
791 459
76 96
464 13
535 355
219 192
369 144
650 205
50 585
88 746
985 277
293 141
505 55
175 241
76 913
592 53
121 82
457 56
37 827
204 198
124 265
545 523
215 945
309 351
947 365
52 84
64 116
963 456
209 394
382 799
938 776
883 897
410 30
188 86
947 427
875 564
661 539
722 822
955 482
435 770
529 397
482 173
236 776
804 669
845 984
721 162
638 558
326 661
912 117
72 222
20 59
508 897
516 856
886 771
633 167
459 697
568 661
460 86
206 762
282 376
355 41
669 47
559 599
503 34
221 571
991 696
144 627
675 24
847 334
286 737
120 696
375 886
211 120
911 321
536 782
150 392
958 950
776 792
533 276
375 86
463 745
564 12
28 46
204 584
826 662
508 374
115 119
432 983
780 511
74 344
669 689
7 563
542 234
193 97
591 156
133 108
411 378
660 956
926 556
556 914
853 344
200 308
251 62
18 425
214 404
144 908
783 843
356 786
219 750
150 358
130 169
772 499
648 191
224 501
830 666
926 55
606 242
669 357
637 691
218 744
515 701
814 652
548 952
879 320
238 497
911 378
539 448
477 527
456 539
334 534
335 154
509 395
889 210
640 963
304 61
984 320
977 32
587 595
351 414
658 217
130 857
735 637
746 423
946 637
85 864
804 422
924 392
558 408
358 8
608 677
667 729
149 934
787 265
732 371
412 960
522 27
925 93
767 826
34 319
422 688
784 35
295 495
158 938
164 754
127 679
439 990
765 238
851 684
513 920
845 760
929 84
426 357
822 261
481 684
76 467
523 18
633 830
425 543
886 325
206 219
786 154
720 303
236 224
416 587
360 453
15 196
725 108
886 522
804 370
678 16
459 427
628 815
76 643
648 206
422 349
357 254
344 515
672 294
912 839
256 744
118 667
548 774
325 558
17 554
890 243
282 916
737 799
934 625
608 721
991 819
989 839
789 366
80 703
229 580
804 314
780 709
414 200
592 802
671 133
386 76
689 581
522 283
53 82
453 743
913 677
324 288
23 535
374 119
185 15
909 615
192 14
631 735
295 951
37 686
324 834
276 478
706 351
688 102
223 739
639 986
45 902
782 817
187 870
189 604
839 509
605 535
187 588
621 220
817 191
942 588
874 630
484 658
309 597
446 779
955 953
524 63
831 622
256 831
254 275
786 11
748 501
623 966
260 280
367 30
273 927
720 411
705 27
872 306
735 855
516 752
275 758
771 828
75 922
317 938
263 575
409 197
683 565
162 102
439 102
633 71
376 883
17 826
885 684
201 218
589 952
774 412
648 759
986 192
339 638
782 104
141 85
104 181
951 673
789 498
725 30
251 524
990 74
984 929
497 149
737 618
219 67
549 197
497 24
683 86
943 616
534 444
321 399
943 581
84 168
469 222
918 462
789 510
175 491
173 5
47 351
753 633
629 834
894 930
787 173
833 523
676 175
971 534
54 637
835 316
768 268
942 168
528 494
656 250
97 763
508 897
740 584
128 539
157 277
34 209
139 286
851 633
498 817
286 397
891 118
365 555
56 620
456 246
487 334
565 536
457 991
45 81
680 463
732 91
583 691
237 521
346 601
591 291
221 491
417 641
247 347
121 401
251 687
200 545
618 105
141 302
77 492
379 395
877 458
588 665
523 46
2 681
593 787
462 200
169 545
326 317
548 721
933 411
717 700
989 831
541 480
119 777
380 842
470 991
22 829
85 709
201 379
510 28
959 280
87 661
518 535
895 196
497 268
409 77
721 209
722 732
702 169
836 12
370 198
239 537
74 219
695 885
67 543
64 878
504 986
487 397
745 589
929 315
924 244
81 459
154 851
234 566
116 492
717 441
779 484
771 685
72 709
64 321
539 358
113 373
543 192
530 40
538 721
940 64
148 734
922 501
638 441
632 825
62 245
93 953
783 278
621 642
37 72
440 397
23 79
342 497
57 99
581 390
747 5
34 912
792 286
373 896
265 947
649 13
936 317
883 478
681 545
570 508
731 847
198 696
31 661
723 748
448 657
17 65
667 625
104 630
487 349
62 546
192 721
935 74
429 370
365 638
960 944
584 173
645 916
963 16
277 680
118 312
746 768
296 56
831 495
230 676
587 743
630 706
460 621
826 17
7 339
161 165
260 725
282 197
865 266
11 212
701 381
312 574
963 28
139 263
897 551
229 464
772 23
932 717
449 857
953 150
254 596
546 335
933 689
141 171
870 574
84 290
936 56
160 281
911 81
52 959
453 87
441 631
56 886
792 932
819 61
640 812
650 265
16 678
335 201
886 630
498 985
40 251
10 883
504 505
864 422
513 676
52 16
669 61
273 416
563 843
409 650
911 189
282 93
986 255
208 584
574 642
950 745
697 605
36 874
926 627
964 847
490 170
136 27
282 555
671 908
661 357
224 771
286 495
538 608
252 789
366 312
245 224
617 245
484 160
563 440
352 896
555 593
23 388
797 84
658 498
577 773
42 54
741 839
617 116
344 604
620 410
571 215
889 856
261 618
954 449
373 611
528 580
841 465
487 329
755 503
380 762
828 485
14 411
932 674
14 322
932 75
279 627
293 549
906 193
426 478
165 212
62 244
374 462
427 475
961 457
57 530
760 529
259 603
732 15
943 688
777 460
192 630
374 906
820 466
254 362
276 317
811 388
244 380
658 412
72 109
681 466
61 290
768 559
774 879
563 488
826 791
401 118
210 636
895 542
34 134
62 949
217 851
760 149
665 849
55 677
224 390
729 81
558 117
400 684
20 333
685 480
876 325
617 515
171 281
641 244
851 216
224 791
630 904
639 847
885 280
792 696
633 378
321 827
541 97
687 116
282 41
351 814
209 29
201 952
769 819
28 84
283 667
501 918
445 238
658 325
158 701
283 253
437 649
773 229
67 631
533 285
542 13
498 856
281 374
549 84
835 312
222 767
95 311
439 268
495 717
157 810
894 954
178 362
879 571
52 21
779 587
811 913
665 73
513 121
513 189
732 856
963 876
667 735
399 950
688 843
642 936
97 787
184 403
835 470
408 478
411 864
814 484
879 224
657 934
631 574
382 940
912 253
804 149
942 943
459 589
49 11
261 811
310 868
493 165
45 709
954 584
762 386
314 411
889 753
598 829
257 438
534 224
935 563
64 896
215 883
587 256
775 200
62 154
539 314
432 661
680 689
46 295
441 191
627 214
187 550
589 620
850 255
864 804
780 30
130 459
263 79
466 589
518 877
149 920
141 610
287 259
918 107
449 725
927 259
351 772
891 31
912 263
250 235
77 633
546 71
64 894
453 744
96 42
28 425
735 671
558 524
721 118
522 940
586 264
924 314
701 357
178 72
678 340
187 399
880 665
777 830
692 946
870 88
353 346
459 338
312 721
208 425
706 178
884 819
371 985
212 686
401 870
394 593
565 897
988 842
779 218
935 139
444 697
539 934
260 669
198 391
946 583
124 718
219 20
783 592
142 77
957 677
175 234
116 457
933 839
35 584
481 12
198 631
338 257
780 80
650 780
64 906
42 541
215 700
918 596
264 318
17 470
637 522
771 193
604 102
368 592
334 691
463 498
882 740
571 625
358 156
175 494
30 721
930 986
355 432
371 906
274 418
75 744
246 880
516 953
110 303
701 191
479 571
243 561
555 921
107 928
221 134
291 956
676 853
895 469
872 931
94 96
186 961
205 459
37 319
102 146
73 415
192 767
169 224
86 66
358 523
381 676
671 553
955 906
138 172
97 602
109 519
321 513
339 640
333 214
231 743
418 889
971 564
973 931
583 325
162 380
254 266
12 370
960 50
817 452
744 76
829 535
105 69
102 513
53 278
265 820
219 60
587 374
337 477
873 830
463 108
88 501
236 530
797 536
717 356
505 643
789 349
510 446
179 48
456 290
718 588
194 280
344 241
771 284
296 397
488 134
783 349
401 121
412 957
324 953
843 352
896 799
857 263
833 426
410 566
234 294
333 625
37 116
265 616
499 975
637 482
456 312
984 839
91 833
436 394
482 339
706 665
368 31
462 487
463 37
737 880
638 511
369 772
860 549
661 771
683 743
129 721
555 174
574 494
398 392
959 113
681 509
480 153
191 459
735 61
205 608
448 761
495 901
639 264
187 105
290 940
236 329
445 644
124 574
378 437
846 830
591 599
144 169
392 834
536 851
763 351
657 608
410 353
342 777
705 397
129 566
986 315
410 351
133 786
787 260
121 441
592 367
643 238
622 13
581 556
943 238
501 949
529 380
31 230
410 721
534 503
605 543
638 971
233 730
574 189
12 546
927 324
487 94
38 492
22 518
953 200
637 256
241 283
481 863
826 144
61 745
277 430
342 862
523 552
509 290
565 851
637 833
592 13
557 658
551 47
250 263
503 811
511 441
208 488
56 442
88 408
565 617
374 280
302 385
856 552
120 371
284 873
739 526
337 221
940 751
673 753
949 829
201 55
522 658
371 631
77 488
746 700
938 911
771 950
530 288
169 238
847 394
718 250
381 907
953 50
621 620
74 452
876 831
703 103
895 309
775 22
49 876
15 52
357 250
497 241
228 466
952 294
779 528
657 817
236 321
168 39
811 141
593 319
204 673
112 760
367 786
283 273
325 139
433 832
88 38
197 178
449 748
966 461
689 559
529 943
878 605
446 501
388 555
856 187
810 627
69 863
53 71
113 375
422 536
178 273
820 813
350 954
660 533
397 310
462 230
909 251
150 56
792 169
641 364
685 514
973 534
604 397
728 990
59 767
44 370
334 883
424 105
811 61
104 62
241 349
184 883
7 565
426 91
643 485
959 439
107 896
34 820
214 378
827 131
701 187
969 665
393 264
315 350
963 282
321 932
445 487
495 221
625 666
933 943
360 743
950 648
489 433
375 59
933 212
358 761
688 883
81 780
102 118
539 251
702 326
439 812
851 357
544 767
810 718
105 50
481 312
587 460
845 817
583 524
367 836
118 789
209 623
985 395
496 603
542 678
388 650
627 169
845 906
193 735
627 224
71 411
959 286
845 369
829 834
789 16
85 149
700 991
650 927
819 453
67 989
361 264
838 532
339 761
584 264
283 702
439 777
577 150
191 623
543 456
50 410
972 707
231 836
522 124
815 241
556 718
681 5
891 642
938 214
215 192
283 649
965 32
349 382
422 414
375 303
932 755
608 72
657 956
97 925
717 284
5 566
700 448
217 403
729 546
967 521
54 991
209 124
40 346
539 160
61 940
133 82
863 528
596 27
555 208
767 449
826 439
158 37
484 309
774 162
40 550
355 627
659 410
687 697
982 569
860 281
150 428
44 925
761 82
161 988
530 116
196 264
639 28
643 261
509 130
985 793
503 589
746 830
829 768
283 224
97 308
212 768
321 559
630 415
277 458
86 248
618 137
386 834
913 598
48 132
294 516
358 639
44 508
475 254
339 303
528 392
130 356
357 209
380 221
23 422
632 990
777 559
702 96
548 702
449 843
559 554
386 680
217 595
860 7
884 908
360 128
920 689
642 246
614 252
253 45
7 59
638 883
813 261
44 804
44 628
342 871
238 941
41 215
171 497
657 325
513 446
118 282
268 273
188 932
495 599
705 688
218 21
208 870
721 663
218 367
959 488
210 59
366 102
847 491
4 356
658 367
317 721
732 268
426 360
829 958
550 600
894 989
319 870
428 692
198 495
316 554
382 553
156 277
920 929
826 833
8 291
530 441
303 228
553 618
380 940
705 927
18 680
284 321
453 943
840 753
601 63
378 571
954 350
91 309
456 976
406 984
627 482
400 261
529 251
371 78
230 210
685 49
171 601
313 700
144 870
72 896
148 746
555 743
637 858
213 674
131 369
777 566
914 209
825 566
61 341
309 76
307 774
986 658
394 49
538 740
88 234
643 930
658 295
599 376
437 205
864 255
906 393
173 303
5 762
945 234
229 218
107 696
49 84
779 924
469 772
388 817
545 211
161 960
744 593
810 669
554 813
197 171
453 940
834 150
100 741
706 325
640 170
819 929
84 446
130 630
845 876
394 908
50 680
860 210
827 677
84 749
814 812
741 416
788 676
855 52
382 733
154 365
873 947
568 600
7 804
182 154
846 842
228 648
215 346
85 124
157 860
171 254
261 334
355 991
669 219
444 103
648 586
470 746
303 391
355 657
555 786
812 187
369 660
839 548
918 102
924 400
636 953
847 158
588 390
212 884
339 263
96 887
746 104
679 344
21 118
565 804
86 134
928 215
529 63
113 209
50 288
814 254
828 260
946 860
29 512
884 324
56 666
886 470
870 290
201 399
522 794
379 484
843 193
860 916
731 621
518 376
970 474
303 780
297 546
565 488
887 676
380 762
78 926
87 342
873 328
763 849
518 598
581 214
760 211
464 381
273 291
218 986
144 326
583 80
567 85
774 324
789 717
300 222
949 678
105 901
906 593
744 940
760 864
554 365
867 831
567 883
67 175
726 288
205 738
214 31
397 393
502 91
851 990
303 524
848 956
527 97
516 725
102 390
990 649
238 909
903 644
833 745
158 719
459 944
17 290
876 929
580 135
432 422
644 426
167 162
351 59
695 277
633 193
144 885
41 834
49 940
777 390
131 193
352 673
432 709
161 670
693 489
911 28
699 463
498 729
462 916
935 913
302 490
18 374
235 853
281 744
150 158
228 720
956 197
776 403
504 321
864 725
288 280
586 201
377 180
13 943
718 897
193 630
368 610
206 188
408 650
128 559
542 492
781 688
786 17
337 746
603 707
34 21
689 620
876 900
513 439
38 853
884 566
399 947
787 935
307 403
563 459
476 920
80 740
621 761
878 382
309 856
85 801
448 206
56 27
768 523
81 365
495 426
114 107
7 833
929 72
700 351
177 414
876 57
891 82
179 665
395 295
746 212
204 161
971 245
971 602
62 130
73 187
659 3
188 366
770 18
368 702
941 345
584 581
505 274
936 403
481 549
498 953
555 441
944 149
268 900
390 696
395 873
84 787
344 414
955 85
947 116
173 510
251 821
596 373
718 833
52 737
547 26
571 77
649 593
701 503
744 470
165 277
727 501
522 829
31 819
530 879
463 759
702 339
273 740
131 224
704 735
947 13
949 328
949 729
110 131
166 147
189 706
588 264
933 700
807 356
597 906
680 649
519 594
80 928
592 193
179 548
789 783
678 373
943 206
745 545
76 62
844 232
617 41
87 526
668 808
717 564
654 21
658 251
929 234
246 666
59 37
792 104
27 577
88 828
224 214
853 811
144 249
40 42
2 110
201 507
459 685
124 317
390 636
826 118
447 462
940 430
10 375
93 947
666 120
404 253
18 133
13 515
553 638
350 589
592 953
932 241
408 574
699 970
208 243
756 311
31 21
217 986
444 918
725 774
222 5
608 61
30 605
773 927
529 308
370 147
277 88
901 256
613 860
143 818
366 929
369 768
84 424
573 271
231 202
789 932
686 644
234 804
290 847
331 639
326 878
604 924
813 279
127 78
108 446
691 821
786 230
729 676
428 574
667 408
349 205
399 371
647 477
319 245
371 676
248 128
819 571
896 729
386 197
150 511
370 548
856 162
880 128
985 665
286 642
223 653
197 780
188 813
5 649
951 935
142 396
689 735
539 368
628 579
948 967
20 121
494 768
196 794
988 398
677 649
8 660
94 903
614 913
150 755
409 988
664 763
599 497
93 723
678 82
247 29
34 382
392 224
592 564
8 740
856 349
639 62
202 520
891 658
912 104
209 729
786 73
559 929
686 175
991 601
638 542
105 321
589 179
166 461
175 53
425 47
277 353
706 167
191 957
320 787
666 681
484 984
842 761
144 789
497 581
400 20
761 703
161 294
936 14
76 426
88 13
621 439
224 836
441 743
59 361
485 36
432 530
590 842
246 425
50 550
290 462
586 327
27 528
648 424
41 705
380 316
908 395
644 515
379 193
469 321
950 936
762 623
802 57
796 165
706 834
315 349
532 745
951 508
459 358
639 101
158 107
669 620
4 366
813 198
684 491
964 88
545 414
492 46
677 73
513 463
768 249
689 815
55 394
260 209
737 556
550 593
471 577
839 350
280 618
673 735
720 689
796 458
622 325
534 545
280 787
970 363
459 589
860 776
131 836
144 538
794 819
215 927
549 62
836 588
38 503
715 355
280 449
740 161
428 204
696 667
580 161
61 328
814 695
868 363
684 53
811 38
537 496
474 184
555 218
894 774
237 986
46 339
329 549
823 892
859 528
521 899
353 533
884 16
169 59
827 881
516 8
315 946
779 321
16 74
495 685
722 165
809 505
445 542
339 949
735 725
158 591
288 602
448 294
100 859
163 812
250 772
334 696
684 246
538 673
726 69
236 235
234 222
289 663
958 375
162 563
929 834
336 146
701 565
383 666
5 412
8 919
41 374
688 59
149 636
217 222
984 358
254 47
860 278
925 102
515 102
149 350
380 150
870 939
588 591
807 593
979 124
312 425
217 906
7 536
222 440
98 361
382 188
133 732
811 523
602 91
463 445
903 228
358 308
633 964
908 814
674 143
168 204
786 602
830 168
669 130
127 403
11 783
688 75
743 110
567 720
346 642
515 953
908 121
469 988
777 150
591 584
591 705
637 678
376 179
906 914
47 186
260 279
581 846
59 485
422 943
706 149
933 426
554 908
510 831
494 591
110 744
642 722
944 277
976 567
144 827
453 16
84 441
816 479
231 950
663 984
273 592
863 769
510 750
104 964
75 212
633 645
720 638
85 538
78 383
780 291
82 924
187 644
929 820
313 557
879 861
286 843
776 40
988 528
286 495
678 565
944 71
281 602
424 14
944 222
428 272
263 910
658 649
16 559
127 894
231 376
425 803
935 380
463 392
565 677
544 142
308 464
270 702
878 958
702 380
276 811
970 944
891 761
860 530
440 245
524 618
547 17
509 453
328 930
2 524
350 339
574 468
236 767
494 531
924 911
371 241
504 348
571 822
286 498
842 989
93 78
581 166
741 224
11 221
281 874
441 261
493 268
18 686
911 720
760 416
491 644
439 312
595 564
990 864
581 744
464 944
933 324
833 953
392 630
250 988
709 679
586 886
144 811
697 580
889 503
446 44
661 721
431 842
545 822
886 921
543 853
959 404
279 365
34 215
260 591
91 951
766 88
911 86
828 879
591 215
53 201
78 282
949 309
675 761
870 886
570 959
683 492
440 853
186 376
639 817
818 193
373 702
321 161
928 985
193 926
416 435
623 394
549 248
671 485
733 73
118 497
780 891
971 843
671 290
577 117
643 411
315 481
667 85
196 564
80 701
316 173
31 929
851 864
689 131
88 463
819 815
851 112
515 673
671 928
536 754
799 319
277 973
218 754
530 891
550 564
191 698
830 546
722 636
478 73
115 578
678 117
602 605
168 107
935 853
420 529
945 505
349 222
851 528
820 71
40 408
785 190
513 897
597 496
590 524
946 41
789 810
831 501
326 309
829 131
847 580
933 426
360 916
469 759
584 974
161 753
482 325
787 125
462 831
830 971
732 874
570 817
373 279
481 683
105 238
214 697
374 926
410 928
289 894
543 810
684 355
424 735
27 856
591 648
666 210
424 524
374 395
883 595
41 118
6 213
702 376
249 914
95 621
298 589
976 302
226 176
71 810
166 570
189 27
407 351
777 235
718 509
725 851
97 73
355 829
344 783
234 373
725 245
346 491
596 807
627 245
342 580
963 984
107 218
246 556
900 680
441 697
116 943
566 457
288 524
625 533
355 456
608 102
908 301
523 826
388 23
358 11
748 266
787 7
283 410
426 100
351 144
76 911
717 822
504 557
410 97
934 213
598 47
497 636
528 709
509 38
510 171
807 953
623 884
911 283
928 509
263 928
333 493
935 441
240 250
566 308
822 124
467 410
985 196
894 952
279 788
265 511
482 511
459 958
549 139
441 28
988 222
772 71
740 160
120 17
897 952
716 60
953 380
599 529
615 918
430 253
157 154
425 150
411 272
212 699
793 473
279 462
217 922
320 368
927 145
839 79
367 749
279 878
896 399
274 91
985 204
416 914
533 381
411 241
201 550
192 696
308 262
543 481
155 426
491 873
596 492
27 409
466 284
627 515
26 629
764 894
457 411
110 963
422 515
259 657
529 162
464 836
669 334
622 918
282 860
76 265
349 950
390 545
702 554
648 57
456 916
615 564
718 908
528 378
71 61
87 582
449 662
198 696
110 777
680 737
397 637
388 515
56 382
459 161
964 416
954 608
397 876
449 546
960 540
469 633
63 399
569 202
574 437
631 534
878 253
553 361
622 563
121 208
737 84
501 587
691 833
445 291
280 324
252 172
658 94
807 631
630 210
856 250
273 448
534 524
518 118
273 319
170 463
229 543
184 127
935 958
276 940
376 935
812 235
241 481
589 883
729 819
696 156
587 984
578 502
379 349
829 952
478 236
470 128
842 108
40 812
546 549
842 497
834 760
61 452
988 319
637 684
782 596
933 618
928 681
811 469
949 956
386 934
55 912
947 774
597 62
771 493
933 34
523 376
390 80
804 133
511 926
122 359
783 9
988 810
660 725
697 221
444 328
586 40
540 925
234 11
788 541
604 485
702 365
137 847
215 374
557 964
946 132
188 740
779 344
188 231
88 23
84 643
930 620
754 158
370 782
401 200
210 390
150 574
703 55
18 820
373 722
729 187
761 839
11 212
262 137
504 194
684 649
345 539
930 660
581 783
170 984
555 45
642 320
900 113
975 472
460 503
121 894
291 342
990 197
441 246
873 154
549 12
414 935
919 108
226 796
162 96
446 411
286 777
853 570
885 925
16 13
702 282
706 160
190 817
760 861
548 673
410 559
916 847
302 295
901 988
618 936
648 497
702 334
860 250
497 54
899 319
265 927
577 928
672 950
495 884
564 581
31 802
376 714
328 774
414 188
424 17
238 807
243 14
441 361
344 379
650 508
205 256
61 531
260 915
539 595
2 985
466 188
817 847
591 320
371 605
133 950
12 456
893 730
944 340
822 657
780 888
355 256
105 380
253 657
36 39
530 916
776 15
673 629
906 264
843 504
666 646
266 311
353 551
224 453
706 265
426 441
908 491
788 688
723 955
107 926
464 534
853 615
828 788
59 211
253 792
554 696
333 884
658 920
551 273
555 681
894 427
408 329
460 953
588 873
177 25
76 374
365 782
876 839
21 56
283 149
559 105
991 260
377 317
28 299
622 856
127 326
350 280
208 424
319 200
466 154
87 955
767 631
392 648
105 218
194 932
228 649
559 228
380 193
198 549
929 491
665 728
724 240
698 296
134 198
804 328
782 518
404 809
760 864
81 168
896 342
970 602
425 494
864 375
476 971
171 16
602 459
365 63
536 324
280 145
782 192
688 827
209 708
706 211
602 279
75 41
891 895
451 616
173 469
476 212
689 476
130 495
357 109
312 665
107 349
37 956
228 522
929 629
599 86
488 261
353 534
168 265
779 255
686 673
593 591
476 53
649 449
34 753
378 846
200 671
228 362
210 504
477 575
540 158
536 820
511 462
426 34
643 360
908 947
901 620
949 844
874 948
441 392
956 946
376 449
424 986
205 381
580 368
513 439
133 946
399 235
291 50
896 780
107 911
696 813
438 751
937 17
766 467
82 17
410 124
191 411
986 235
371 940
905 549
141 430
952 310
638 868
877 20
210 889
959 727
12 586
333 85
411 82
466 543
104 897
504 82
456 774
589 134
884 563
444 889
504 5
581 621
571 44
587 932
594 556
916 988
81 887
31 314
115 866
827 86
688 623
357 133
647 576
571 165
963 717
388 504
660 191
776 213
94 319
157 862
422 548
302 13
209 379
583 897
609 193
642 367
736 199
365 566
255 886
569 579
319 777
336 439
665 77
860 558
255 218
635 602
495 827
358 518
756 356
360 212
940 697
883 766
949 346
281 750
759 254
328 779
309 28
374 909
194 851
724 567
64 621
654 134
564 927
441 192
39 984
761 789
952 392
45 847
2 959
991 932
991 732
134 211
14 764
205 745
679 119
17 137
744 842
914 351
450 747
531 144
845 188
679 131
874 102
101 153
876 403
105 822
38 829
908 836
688 842
678 565
35 816
946 659
951 114
251 263
829 497
587 834
636 673
753 601
96 831
2 863
604 617
306 157
529 498
94 845
85 246
110 884
149 627
643 620
197 44
739 85
639 17
570 874
971 985
37 154
222 740
52 883
251 91
40 955
158 290
963 171
119 199
351 779
356 935
679 461
491 64
928 214
333 988
380 810
686 891
27 588
615 720
118 971
678 382
79 661
565 598
8 689
378 425
452 473
388 214
445 98
916 729
148 934
862 453
463 40
427 688
314 349
744 767
642 169
592 130
215 794
42 815
411 681
286 283
874 188
432 414
209 8
134 14
315 88
853 355
487 486
988 504
373 149
522 927
529 170
271 470
868 668
850 870
667 427
400 700
118 685
786 873
425 602
86 264
652 487
561 496
302 493
291 938
640 245
786 189
812 746
929 212
298 181
914 760
665 507
88 17
618 11
949 636
925 799
290 456
661 427
440 927
379 404
333 77
154 397
509 193
811 175
168 927
285 302
571 388
621 589
599 831
515 986
349 235
777 363
453 191
945 725
212 895
791 612
583 27
88 667
492 842
141 677
388 523
761 551
853 432
496 582
121 459
339 661
788 508
81 894
201 133
113 516
401 72
546 201
642 210
202 567
701 464
414 284
5 490
918 59
370 486
955 427
567 459
935 658
90 400
592 384
894 280
523 487
40 5
254 693
5 817
879 638
466 286
528 261
713 958
466 302
916 442
904 729
200 133
745 807
388 321
671 897
627 530
13 498
709 913
52 543
650 940
555 986
827 278
264 211
799 135
536 985
188 918
792 318
722 476
265 530
575 776
767 831
42 281
204 878
782 414
30 887
515 880
952 344
458 737
240 175
665 206
932 563
924 666
16 493
80 990
374 411
897 424
797 30
492 280
566 485
228 15
214 546
200 709
587 427
457 835
504 175
650 563
675 791
220 706
884 107
622 913
149 685
264 339
488 13
574 229
928 346
526 161
767 826
12 913
179 955
972 46
21 485
701 357
971 71
522 639
290 111
667 368
245 964
448 518
822 198
206 378
160 828
484 700
712 614
605 666
346 947
743 761
850 513
884 432
550 108
971 688
118 231
631 5
425 702
516 814
342 890
38 828
991 363
589 466
782 598
958 353
28 14
11 120
268 144
139 501
267 621
524 986
534 940
970 506
870 278
540 474
782 889
57 826
829 11
448 357
484 916
414 193
752 83
420 566
539 900
924 150
700 574
855 537
578 378
170 510
234 167
732 287
661 771
63 862
673 958
829 41
936 120
478 718
389 137
46 326
600 740
525 437
513 497
884 256
788 700
681 425
120 625
745 43
482 644
580 829
355 986
783 214
34 162
563 943
811 187
807 312
971 271
591 34
414 375
854 343
76 829
903 175
795 623
263 804
549 370
934 957
488 276
453 87
873 392
131 555
367 167
329 701
229 520
163 763
804 126
767 94
424 580
120 546
983 234
165 577
208 191
231 168
88 771
856 726
362 453
691 616
917 953
291 906
263 456
75 410
81 49
140 900
34 446
878 159
592 598
529 149
679 497
268 84
288 943
515 395
857 878
150 897
392 971
248 755
485 513
131 279
283 30
371 13
365 535
333 326
391 313
433 829
467 210
648 124
326 951
696 206
831 448
677 392
107 707
678 246
236 709
230 326
718 513
326 540
110 456
947 426
192 701
880 217
28 117
344 583
17 87
955 771
658 27
615 371
484 413
121 28
735 40
932 281
990 951
870 920
281 400
625 673
230 538
361 548
317 302
74 728
614 986
150 328
830 604
509 518
241 344
321 94
375 322
529 542
282 853
958 178
990 88
463 204
253 158
426 546
459 59
884 880
837 794
735 576
683 42
209 260
661 944
933 314
851 596
211 463
901 660
860 367
952 587
425 973
928 96
985 31
978 817
392 82
281 411
342 681
226 104
122 536
392 555
401 246
194 208
554 630
45 985
972 708
492 934
252 189
399 107
737 408
11 57
549 432
86 722
61 151
845 589
388 738
538 501
409 453
812 130
771 197
508 570
983 133
188 153
308 898
54 459
388 680
279 493
217 291
946 501
371 77
353 88
638 400
666 476
293 638
74 903
959 691
165 706
728 954
792 238
13 834
880 678
771 930
823 298
49 308
641 920
622 291
829 964
487 466
491 312
530 476
187 425
437 660
767 564
353 535
988 251
807 549
42 321
746 463
943 160
614 596
94 534
846 989
73 322
846 615
205 457
589 395
649 492
680 273
884 121
290 944
293 776
543 441
53 469
382 554
953 74
400 482
373 77
359 453
719 135
23 669
990 102
524 204
667 786
260 84
381 466
636 105
54 156
154 683
558 352
863 971
926 455
158 677
958 588
170 85
660 622
208 281
903 940
504 630
756 540
7 495
597 746
989 205
660 422
366 706
648 360
127 745
487 77
617 193
467 798
821 311
571 47
198 505
959 550
518 586
746 731
170 488
897 729
491 587
602 540
633 127
985 293
352 529
720 147
448 518
867 161
21 268
878 513
807 773
397 666
986 604
786 432
252 464
360 250
615 267
397 906
16 522
11 630
511 833
113 745
548 820
57 212
502 82
556 113
395 947
492 945
230 538
622 528
776 793
636 346
172 792
670 525
577 104
518 510
417 574
817 238
782 630
782 409
692 329
200 470
523 422
986 200
870 771
546 492
340 554
388 373
91 836
286 533
851 691
853 67
598 399
344 121
812 260
241 622
883 767
914 356
252 903
291 93
379 831
558 315
564 437
158 617
946 618
414 42
566 357
602 930
705 189
214 864
117 476
332 632
743 950
671 666
596 105
27 814
928 144
40 250
677 787
897 925
52 723
222 912
721 735
380 250
31 88
347 808
94 767
814 61
445 27
440 568
743 204
392 445
396 135
944 273
702 31
876 333
827 204
294 895
383 270
622 127
498 319
317 528
856 686
889 353
956 462
265 918
623 448
444 241
827 238
833 2
315 505
810 73
371 943
170 234
511 971
141 509
28 915
403 297
601 234
952 96
776 382
204 107
317 52
614 50
749 24
315 321
617 134
889 386
53 841
344 705
108 73
924 846
827 630
516 388
382 264
952 45
688 268
511 601
826 74
466 900
392 886
380 623
324 799
71 817
524 522
515 556
413 918
162 873
534 701
91 846
591 495
768 309
488 214
416 86
680 214
912 96
929 307
873 945
689 263
219 677
524 412
886 536
210 63
369 382
312 777
162 352
25 163
634 360
636 859
97 895
518 350
252 929
565 150
811 678
592 253
355 498
246 250
364 535
837 798
505 831
924 567
762 329
295 516
117 728
130 290
720 830
294 161
581 293
878 196
693 248
792 831
822 732
117 767
261 342
722 446
47 45
191 158
520 49
817 825
643 705
352 282
709 956
779 488
689 878
505 365
63 325
38 1
686 77
149 263
577 673
279 826
530 601
773 355
557 82
13 709
388 341
909 851
360 450
820 827
234 459
864 244
169 228
113 718
145 519
350 574
513 12
5 315
80 358
640 608
139 735
990 523
101 312
667 820
908 293
427 198
157 334
362 792
246 241
350 231
280 761
807 201
279 343
76 990
16 201
887 178
165 916
983 373
830 55
204 683
349 519
540 676
493 368
686 47
278 956
297 588
676 326
717 395
583 120
170 376
441 721
367 179
732 370
565 538
589 580
951 358
162 834
680 141
571 828
373 987
671 158
962 31
150 697
353 411
764 744
9 226
334 381
548 84
371 678
179 512
158 339
906 178
681 131
729 558
696 309
985 918
63 44
812 193
788 234
451 881
70 356
157 508
121 86
913 342
495 533
221 978
883 887
515 439
681 640
355 379
807 813
56 986
548 149
154 188
804 989
114 611
762 50
511 437
889 676
946 161
771 782
600 252
62 409
392 414
834 325
47 678
684 650
18 27
107 198
222 493
936 860
255 456
7 430
924 126
539 237
466 375
605 870
170 23
943 932
23 949
34 989
511 23
197 12
874 346
659 557
37 411
378 501
870 704
80 85
379 929
625 156
55 169
374 149
804 522
371 59
81 844
831 703
104 374
757 193
492 667
529 538
577 638
395 460
329 187
329 735
357 906
622 598
631 86
286 378
820 701
430 940
807 188
392 264
903 62
150 77
542 839
701 584
139 56
196 744
373 605
815 639
667 178
746 84
284 194
395 61
234 841
596 873
593 637
681 905
598 900
595 810
167 79
831 362
408 134
344 501
391 237
794 984
62 820
383 9
204 705
662 616
219 688
170 843
7 957
601 86
811 87
302 988
117 903
691 540
326 782
230 113
595 851
157 324
64 400
503 356
117 766
397 108
325 381
52 767
252 845
630 85
617 863
478 211
50 581
50 633
447 631
126 987
401 625
280 850
933 293
556 91
822 494
329 643
829 349
564 878
640 885
605 536
28 484
513 416
395 378
133 508
405 529
958 874
709 110
261 174
117 118
574 705
577 901
984 81
635 590
62 787
476 282
286 208
896 464
584 41
256 781
953 464
851 320
744 219
737 63
735 885
200 46
959 691
312 989
281 951
847 86
171 667
356 350
170 412
587 873
740 291
955 386
241 985
354 458
453 591
85 831
73 559
658 991
245 357
401 845
725 827
91 307
360 366
299 990
678 732
563 583
516 989
365 598
916 829
856 367
501 293
244 538
17 131
551 108
798 676
221 887
587 793
790 885
286 958
584 72
701 201
91 930
256 767
839 91
577 217
362 366
989 930
786 777
188 657
420 581
34 456
737 169
28 843
117 737
894 283
813 876
689 510
191 589
374 137
378 886
596 873
940 874
673 729
295 523
168 397
862 580
133 179
294 539
756 352
193 154
932 94
10 272
75 673
722 191
583 964
740 831
281 685
574 23
540 643
127 476
79 991
342 379
878 564
933 325
444 191
145 537
268 102
20 691
553 214
558 876
540 815
644 570
134 82
629 219
97 638
583 631
679 200
599 118
856 886
324 667
408 891
764 99
245 80
280 552
505 764
895 543
912 32
466 570
846 952
403 189
795 877
23 381
18 94
399 678
819 786
661 860
684 263
780 319
772 688
224 144
188 509
856 944
757 890
50 2
208 346
62 50
850 24
357 688
309 198
506 389
38 728
540 371
320 595
74 878
46 938
593 617
170 79
189 395
837 127
254 176
63 497
935 891
627 846
846 422
30 263
735 524
839 702
879 170
344 67
829 631
383 329
559 382
93 779
991 705
197 761
697 810
411 265
165 836
760 601
985 373
967 190
960 803
159 947
228 265
529 536
620 361
425 889
282 960
748 590
644 218
686 911
15 683
896 735
555 906
344 658
493 936
649 580
317 577
329 772
215 79
400 338
80 576
189 559
284 326
212 845
671 440
480 914
350 432
847 540
799 604
874 445
5 515
87 52
771 62
122 628
2 114
281 921
732 900
397 17
228 563
534 779
643 41
604 644
588 42
212 523
933 104
952 37
883 864
792 466
949 500
369 230
378 535
891 557
293 897
351 67
700 279
868 980
900 754
591 964
926 642
175 178
8 681
883 846
833 45
498 108
661 743
895 380
113 79
509 212
493 168
560 749
509 873
570 627
566 709
493 427
773 605
334 925
643 556
813 928
317 159
534 816
50 950
584 420
235 951
936 605
557 660
213 931
984 329
523 445
253 901
534 501
571 379
694 616
388 206
621 907
170 940
921 130
745 448
409 811
448 683
685 787
459 380
324 210
558 342
154 949
783 627
963 826
951 425
466 160
511 63
627 978
789 261
813 947
353 853
149 601
621 273
93 789
986 565
376 949
605 98
851 986
375 540
524 559
798 378
373 201
580 595
545 179
740 87
701 886
67 648
934 958
677 543
458 450
929 88
11 962
453 851
772 350
591 333
339 833
80 932
945 156
80 815
446 432
469 693
361 127
950 688
864 179
564 104
588 538
444 321
355 164
605 449
839 761
599 429
574 523
293 467
498 437
238 273
105 580
414 523
788 17
855 223
880 278
673 968
395 46
55 605
925 538
792 88
76 918
353 676
702 935
857 905
394 219
620 534
15 536
416 170
771 184
625 903
678 133
990 31
513 644
991 570
6 220
334 448
172 247
955 348
814 935
946 623
414 819
774 480
175 970
273 627
256 376
498 817
617 773
446 105
559 75
251 250
913 18
131 241
365 94
588 671
515 374
379 102
777 498
234 246
109 148
329 327
102 592
848 641
17 118
913 864
5 810
91 971
817 640
776 789
440 817
813 302
583 605
706 350
152 471
320 14
161 851
392 236
64 951
50 853
424 457
938 74
717 25
462 328
765 388
77 52
267 253
681 71
979 296
638 91
111 277
958 524
234 560
52 648
621 309
145 887
592 584
52 92
185 888
737 370
701 621
318 451
388 769
820 291
235 661
955 371
988 157
580 667
231 74
916 286
59 689
293 567
667 591
358 538
510 586
212 936
587 771
94 637
722 205
94 983
555 944
533 156
805 72
787 28
955 492
107 612
251 732
776 349
282 836
39 779
901 11
991 94
813 388
636 622
288 746
453 658
917 613
481 189
175 985
286 567
403 669
516 828
116 133
592 509
70 594
847 819
365 580
57 179
629 620
627 408
759 781
380 870
394 2
121 374
602 789
614 541
595 236
329 732
887 533
571 782
984 484
56 110
836 608
57 679
822 49
82 294
451 357
564 382
449 833
643 40
934 701
536 530
144 539
286 705
593 73
411 593
411 361
256 924
175 204
817 287
522 204
448 344
85 261
49 316
886 874
430 162
526 812
399 59
604 410
246 77
217 326
405 531
320 543
56 937
834 268
536 830
676 934
279 509
356 989
371 44
38 173
614 408
44 696
964 319
943 50
740 158
563 373
773 234
623 273
46 515
98 392
676 762
649 511
498 989
280 290
72 91
862 132
293 351
53 686
230 488
779 928
371 53
627 437
187 235
386 408
355 769
792 44
134 222
116 518
984 373
120 98
555 245
591 34
56 390
550 168
822 986
863 686
274 430
96 788
1 709
940 706
259 608
740 834
85 833
958 253
635 890
75 918
920 240
346 878
847 557
876 254
256 964
509 897
691 777
192 743
302 400
813 432
317 515
524 851
57 38
949 839
954 476
838 829
15 822
162 971
50 368
453 478
302 529
133 61
768 889
859 676
841 609
401 386
639 684
648 118
157 557
234 495
836 40
144 686
703 918
232 88
453 911
273 97
271 421
198 568
217 27
336 320
720 15
735 595
828 21
326 856
908 620
709 555
871 809
482 279
38 64
895 212
456 366
110 671
591 794
154 18
281 11
565 279
15 542
351 15
160 614
926 133
278 991
929 79
880 130
897 238
424 493
658 378
666 284
593 369
979 720
943 151
150 947
658 73
700 110
53 27
52 16
493 916
912 91
88 792
591 131
633 330
760 57
442 554
425 303
386 235
591 673
700 564
812 273
317 740
407 75
346 595
439 98
47 878
657 141
660 298
954 810
774 386
688 357
187 526
162 405
492 67
238 8
131 108
794 234
61 91
510 636
308 950
884 886
513 46
555 375
171 534
312 41
253 717
206 605
77 774
420 894
79 492
645 88
842 959
424 987
482 703
219 403
425 760
291 221
253 644
165 900
917 4
673 777
76 400
329 234
349 860
21 626
721 241
707 272
71 524
144 685
570 589
775 443
250 478
526 951
987 956
113 73
235 200
379 596
890 636
324 814
120 315
986 360
192 325
47 466
290 88
963 366
522 589
464 777
550 776
722 408
952 660
122 377
929 488
416 792
46 113
171 126
466 592
218 491
125 563
637 516
97 936
291 925
399 211
826 800
290 67
453 281
640 853
875 185
580 12
110 534
495 920
853 938
374 504
191 530
649 956
950 934
71 121
110 105
843 497
54 234
617 229
448 586
768 595
701 321
725 228
623 589
104 426
160 870
23 326
20 390
294 170
85 555
932 41
324 593
317 528
918 432
273 77
302 371
678 777
401 497
460 946
133 963
851 746
171 846
246 689
306 163
926 530
819 925
692 966
395 446
833 13
41 648
241 638
721 290
61 317
235 127
743 236
906 856
929 666
986 557
449 37
197 279
762 87
320 325
720 481
504 49
839 685
173 286
424 470
740 811
457 702
798 667
692 477
444 891
467 329
964 913
2 403
422 250
561 737
555 677
124 608
611 256
595 950
375 703
684 951
118 853
56 201
193 382
686 920
373 40
135 451
264 666
20 222
30 505
30 633
633 559
307 622
142 504
394 943
828 365
281 15
622 244
375 771
747 645
983 63
484 346
654 853
412 309
63 880
581 73
971 276
440 279
467 523
463 666
350 234
597 87
978 603
912 291
936 53
392 219
16 208
445 605
457 940
813 950
430 409
705 649
538 822
488 87
329 191
445 491
362 595
42 374
70 450
922 13
604 353
492 669
324 400
735 444
127 234
307 536
550 777
108 908
366 224
464 179
681 587
789 665
394 549
504 822
505 365
618 200
219 679
314 743
680 930
879 410
689 381
546 936
843 376
460 636
804 503
822 540
954 302
59 165
679 56
901 342
684 228
200 895
53 74
526 357
654 308
288 170
74 346
432 826
245 144
511 280
408 535
262 837
470 255
983 570
456 209
117 187
851 523
282 912
779 563
317 334
843 120
636 43
290 394
88 522
70 771
184 722
511 255
529 219
957 293
263 986
720 759
366 324
963 622
768 353
2 339
944 228
31 847
826 317
290 665
845 241
294 863
516 414
394 91
293 677
712 452
244 200
540 644
497 533
278 349
250 392
680 601
273 780
826 799
205 110
81 903
661 160
928 565
110 145
897 72
357 478
156 853
342 897
245 187
493 718
224 320
73 523
294 77
441 887
782 71
245 227
878 117
872 28
469 776
860 357
786 374
505 808
819 950
489 40
891 990
214 716
540 592
85 16
392 870
508 826
160 886
945 121
37 214
883 149
53 591
56 754
767 141
469 574
545 168
515 209
292 494
803 625
92 206
261 789
399 201
42 165
916 97
689 342
368 774
783 725
219 194
80 557
240 42
303 794
37 526
154 744
218 401
624 133
175 219
408 831
282 503
743 906
534 18
508 947
154 918
788 685
288 156
591 459
362 96
581 878
115 881
648 518
418 423
91 522
432 293
908 964
815 826
449 950
244 374
63 307
763 81
463 349
197 819
353 175
621 814
950 104
468 613
344 722
786 75
250 955
244 38
82 187
686 374
55 420
309 858
491 23
571 636
240 457
382 326
661 18
524 956
956 312
71 722
321 946
984 488
587 940
165 178
184 333
379 883
329 596
335 629
74 810
252 394
444 608
61 559
831 684
422 7
638 598
530 880
449 282
678 20
309 252
254 681
238 929
950 493
839 533
863 706
195 642
15 73
947 900
803 180
149 608
879 382
943 439
214 895
985 949
518 170
897 549
569 6
715 975
827 154
592 481
124 700
564 426
308 163
567 955
339 373
772 746
314 891
278 192
396 965
656 801
661 245
8 268
584 373
589 97
412 21
191 57
887 657
303 209
794 176
470 41
725 515
560 49
315 944
639 255
804 649
638 678
767 203
360 711
928 21
983 595
943 219
88 268
680 720
936 113
843 956
971 365
876 351
622 302
623 799
278 555
277 72
439 424
630 376
196 671
954 189
425 302
503 753
256 509
883 80
767 589
570 720
141 268
889 361
682 259
373 627
470 911
88 352
356 2
503 252
984 121
452 873
592 523
960 280
5 102
312 254
802 456
621 485
820 746
478 353
153 129
826 601
709 546
361 196
110 627
492 577
130 836
406 718
940 894
373 563
906 504
312 60
11 688
935 353
40 679
290 779
333 511
94 891
245 983
932 789
135 21
932 328
75 409
293 98
375 498
360 846
215 212
779 308
810 918
236 11
916 85
929 410
751 922
538 852
280 906
34 87
350 360
563 986
333 620
851 460
30 192
658 460
950 827
493 390
665 920
599 771
412 955
165 409
476 324
741 104
546 104
144 819
440 366
813 462
865 990
742 333
587 524
338 167
321 476
577 390
441 934
457 831
932 886
353 417
705 456
545 314
508 279
538 952
282 260
940 786
565 669
798 520
371 27
550 349
50 657
533 168
493 604
549 38
955 911
853 75
574 252
74 302
836 188
822 430
64 811
360 21
161 833
214 255
720 31
446 883
709 476
584 370
96 602
204 614
697 498
427 171
864 933
201 760
813 777
290 260
648 608
179 425
927 325
45 27
675 773
811 911
356 343
571 884
375 757
950 677
455 765
328 191
167 45
543 248
896 414
425 53
241 456
956 952
556 680
596 914
127 96
531 194
876 86
308 643
71 346
328 319
799 777
794 439
732 77
110 497
72 339
651 888
218 328
168 62
967 325
382 836
646 931
971 959
608 783
856 827
860 622
18 184
80 735
830 191
842 85
463 658
788 642
706 52
261 634
768 390
593 256
960 178
208 236
413 321
826 184
936 204
622 703
63 198
212 789
411 951
728 538
447 785
894 887
77 73
337 103
77 224
375 920
633 593
319 264
120 744
131 280
394 173
845 650
439 192
913 685
308 454
33 166
116 680
132 487
916 737
273 786
31 393
162 444
630 920
952 399
876 916
959 946
59 344
238 72
851 740
359 778
53 666
293 807
314 71
717 170
200 623
874 602
894 767
916 611
771 144
505 660
574 944
864 184
476 139
440 258
895 157
621 633
946 264
504 469
498 180
414 889
798 939
685 139
447 802
175 580
493 485
411 779
84 256
367 669
381 317
317 843
213 793
493 206
334 350
883 188
812 439
497 539
173 96
120 842
950 605
175 184
673 487
536 82
918 246
583 623
761 186
222 815
230 154
830 672
264 901
39 543
219 105
895 614
110 277
888 937
31 166
229 918
547 56
633 608
469 56
362 45
835 773
378 648
517 286
467 204
235 773
210 527
836 957
444 391
98 898
102 246
157 281
21 908
827 488
676 862
893 443
557 380
467 603
985 150
209 62
956 814
27 294
379 74
261 706
440 454
98 157
535 677
338 331
923 768
589 409
91 352
819 305
94 12
534 484
817 439
810 503
743 464
278 928
441 925
28 583
459 829
648 620
467 901
371 342
462 591
940 77
314 833
618 104
381 362
583 618
210 798
700 361
771 700
842 557
366 284
852 181
245 504
245 717
564 194
133 27
826 582
8 40
221 533
188 85
671 782
388 497
657 608
362 940
154 593
960 559
396 232
540 260
878 410
223 604
497 586
256 273
826 567
822 725
876 729
986 415
105 737
701 453
250 192
453 321
533 96
198 356
768 828
59 604
206 481
933 718
72 401
74 488
238 743
622 731
827 126
388 946
456 703
430 894
34 542
229 355
73 277
636 53
279 397
580 116
523 96
880 771
739 619
940 342
27 679
13 596
873 678
197 399
969 971
497 777
282 961
575 501
64 250
212 684
637 661
303 528
293 709
329 533
186 93
77 49
581 762
168 556
392 457
550 773
717 219
622 127
772 955
934 827
856 489
830 375
432 542
736 879
295 319
754 838
310 338
253 97
643 415
120 860
542 810
508 717
894 324
914 926
184 927
467 366
268 678
161 540
371 194
470 876
964 205
80 649
73 179
871 737
530 124
908 356
833 409
124 281
211 577
161 85
509 80
284 593
373 551
661 990
401 721
896 722
49 559
916 583
776 779
263 547
127 414
366 503
776 130
469 745
988 949
511 221
685 222
622 324
16 124
541 117
35 344
273 696
417 395
84 215
886 501
71 246
531 854
584 362
281 72
870 935
498 818
421 293
586 15
8 386
342 343
683 627
476 104
856 448
189 246
845 200
255 334
49 23
275 76
990 814
400 944
556 930
559 986
54 482
623 228
392 50
326 456
856 988
604 985
960 382
196 631
505 280
368 329
191 515
906 214
514 63
50 781
515 172
627 511
124 971
658 326
167 453
170 595
285 571
661 8
765 762
392 464
580 971
238 934
426 46
421 664
860 282
842 539
197 339
842 334
897 665
149 737
401 329
846 160
49 740
7 469
97 91
554 236
371 567
37 94
485 785
369 667
138 643
264 56
332 960
920 250
973 750
369 932
725 670
63 588
783 514
273 618
202 605
839 665
718 414
91 642
503 253
863 870
874 110
886 621
615 344
112 481
407 568
469 662
564 873
273 161
989 831
767 880
2 370
589 218
920 453
470 224
533 61
487 746
605 564
404 366
279 235
789 511
879 483
567 194
228 124
246 831
55 235
684 370
799 918
382 959
829 252
317 963
444 802
75 669
215 774
804 622
788 167
697 677
198 52
372 634
127 814
469 534
906 598
880 11
630 157
156 952
367 369
978 86
373 427
222 53
333 632
406 264
212 155
743 618
744 856
63 254
400 918
794 700
964 648
328 487
585 821
481 83
660 41
592 358
196 519
44 243
509 80
339 74
928 856
420 488
225 722
141 75
116 925
958 600
505 812
416 495
246 466
231 309
8 441
700 117
282 936
586 42
467 37
681 594
817 964
671 176
829 322
687 240
767 251
139 577
478 34
819 457
817 782
677 201
722 753
334 820
324 491
817 72
437 230
56 401
863 690
833 811
466 211
378 491
831 863
116 150
650 523
472 687
574 528
184 194
221 57
144 880
231 542
721 231
845 196
843 850
289 318
761 381
165 983
776 533
560 822
437 597
548 130
480 623
696 411
366 55
381 141
30 124
884 374
367 218
677 408
237 367
604 150
263 329
238 46
558 841
12 302
453 831
921 109
936 545
118 703
395 118
128 202
196 291
246 511
108 702
851 401
879 324
974 154
706 528
117 564
477 397
963 721
366 686
315 224
104 556
860 150
367 234
772 843
926 215
591 908
878 416
288 639
660 539
219 697
958 874
815 235
697 984
885 270
416 246
86 545
956 422
303 167
947 59
807 321
564 759
184 104
787 563
375 422
49 604
158 828
768 409
511 358
27 955
950 120
700 776
205 99
640 804
197 863
106 438
368 812
686 983
324 670
92 856
365 625
326 554
577 41
596 880
718 97
558 696
24 311
851 505
210 904
81 355
535 860
358 956
518 93
251 783
963 608
5 683
653 388
744 425
553 862
273 484
209 420
554 905
414 45
756 69
683 334
769 656
203 318
236 952
391 100
595 715
862 729
218 133
776 916
113 908
467 371
374 344
725 360
399 644
371 314
702 349
460 640
235 640
312 228
591 430
201 87
432 445
722 889
56 792
936 20
682 412
787 924
482 945
908 416
482 144
467 283
31 620
265 469
839 506
597 346
113 497
587 255
817 681
447 487
263 315
20 255
81 974
453 549
485 608
13 984
936 133
601 727
601 482
290 191
130 897
50 136
776 160
765 56
906 740
534 286
385 575
15 823
608 894
254 679
229 956
510 900
356 911
176 699
807 559
301 494
701 830
321 930
723 90
724 482
158 686
168 27
845 661
218 302
501 91
988 63
217 488
586 371
20 77
492 395
673 623
804 936
627 228
376 932
437 896
604 986
905 372
153 860
466 290
208 416
950 599
206 697
458 412
491 108
178 149
334 231
7 542
48 379
728 772
829 795
288 161
984 162
586 478
498 9
104 445
278 485
956 983
648 831
665 212
460 150
162 637
896 951
235 165
159 934
681 528
717 351
920 608
355 256
459 291
205 595
957 134
946 104
470 524
276 616
282 986
227 56
478 432
725 739
330 431
945 216
425 524
208 606
703 927
63 253
813 717
50 350
790 270
518 990
388 146
424 414
184 407
991 44
625 161
677 782
38 71
175 427
890 111
338 808
165 551
895 546
45 673
410 263
704 274
975 983
409 273
279 860
551 650
744 528
883 432
215 833
113 45
874 374
829 596
644 133
260 498
361 170
437 481
782 697
228 589
508 395
153 54
815 614
302 931
362 414
187 409
61 174
441 546
683 935
888 746
230 526
538 648
334 352
254 636
86 52
896 283
478 55
758 301
604 315
426 375
542 312
71 139
197 550
278 820
912 387
839 27
324 721
158 342
245 309
219 446
79 201
364 944
556 570
432 263
990 515
498 469
615 108
602 658
649 346
644 642
18 906
630 67
863 810
761 244
77 411
523 470
819 273
492 246
508 344
326 53
827 45
362 582
830 216
400 8
683 401
632 650
462 376
440 657
432 494
835 515
878 945
271 885
365 171
854 451
338 536
133 662
8 478
607 502
990 495
178 31
971 661
380 642
210 178
177 506
556 886
82 843
952 333
251 386
487 108
759 926
423 655
416 912
497 113
149 412
329 395
178 870
358 141
714 350
843 566
107 955
932 330
466 640
245 71
986 203
408 822
315 661
141 8
661 175
63 436
548 894
614 414
351 344
725 928
42 93
488 703
15 686
12 445
411 533
37 759
365 946
75 578
911 505
546 98
191 116
530 677
633 149
592 918
878 579
497 637
696 592
394 457
991 956
940 30
126 581
811 577
120 640
584 355
612 483
621 705
283 79
990 40
246 757
686 661
75 666
114 236
790 188
211 49
247 379
485 906
638 127
700 515
577 94
104 165
104 210
53 91
56 893
608 184
911 27
655 197
241 563
810 938
260 381
476 79
77 156
192 260
409 511
706 677
555 516
344 96
623 124
842 396
198 843
822 388
150 169
833 11
722 345
210 120
878 37
31 277
706 761
21 558
326 154
344 533
989 637
643 173
717 834
905 35
409 535
288 556
167 63
237 76
156 133
819 753
469 188
985 850
224 842
580 351
929 862
905 637
392 945
378 154
113 897
889 666
925 707
771 972
587 596
867 738
339 251
344 794
495 8
524 531
788 957
252 230
645 817
196 394
315 804
906 77
342 725
20 412
235 563
