991 1000 1
104 812
360 676
379 173
252 554
526 41
555 432
586 62
326 467
286 131
265 560
845 991
696 253
831 557
737 159
55 118
187 358
554 862
487 570
72 944
911 718
288 393
665 416
809 659
230 760
991 87
168 639
367 530
366 966
831 554
936 530
647 880
351 355
222 248
83 937
422 481
779 328
93 644
487 963
188 595
245 38
131 437
551 168
333 64
788 76
760 633
230 139
440 30
198 725
382 555
887 294
167 673
851 236
971 507
488 108
406 970
264 353
722 53
45 362
515 252
657 543
291 20
455 197
77 913
920 929
168 706
133 568
224 806
936 41
461 754
265 403
934 686
105 280
508 836
193 238
843 168
549 842
56 302
989 666
132 928
214 638
839 197
931 1
286 810
518 263
70 358
235 67
312 305
938 577
38 130
245 268
536 342
300 772
983 358
557 794
718 281
508 592
589 71
767 279
556 771
274 283
771 540
194 926
370 333
21 533
45 543
705 971
605 565
777 607
357 655
314 403
581 183
760 709
836 604
77 682
768 437
353 799
358 470
56 911
284 449
439 256
856 376
505 535
23 703
382 12
154 228
102 940
148 826
133 774
217 143
401 834
238 217
349 273
288 23
598 971
706 390
845 750
173 469
593 834
971 15
221 361
241 766
21 592
73 679
469 661
71 623
449 780
549 265
887 20
110 880
46 110
179 47
642 264
701 360
637 224
529 827
446 876
886 584
422 550
303 260
385 704
231 943
587 324
165 196
703 34
944 350
403 963
776 862
914 901
772 740
293 912
912 394
409 768
958 729
13 588
867 526
657 828
84 804
820 800
302 357
971 623
397 697
426 365
696 412
464 880
333 605
19 710
446 388
952 334
513 509
145 501
110 905
577 475
191 914
196 11
139 320
149 475
721 657
227 912
897 446
378 660
546 717
642 847
692 297
333 16
204 221
17 15
903 896
422 814
73 501
896 240
430 478
817 276
659 557
419 271
501 144
397 440
836 139
938 279
412 546
906 170
577 782
622 658
353 691
427 602
775 954
110 924
914 487
944 380
394 839
964 656
411 288
518 565
716 302
189 667
181 329
991 563
206 279
680 822
59 565
529 144
621 717
592 604
168 936
874 94
718 291
204 886
583 375
463 52
982 882
401 657
261 564
888 161
632 518
488 542
430 819
428 974
319 67
497 430
701 814
960 282
346 720
951 344
886 681
308 596
361 326
909 422
197 207
759 467
919 738
27 394
675 501
485 894
722 280
467 709
713 231
538 718
786 456
700 346
7 463
934 563
677 130
319 215
871 590
41 601
983 591
250 484
161 661
250 680
72 746
584 783
143 876
969 816
397 16
491 697
275 735
488 833
728 895
167 8
161 175
819 503
817 605
315 620
934 930
334 895
77 788
353 447
49 699
453 47
205 381
291 596
291 787
648 91
291 736
542 116
118 558
51 80
819 967
401 352
304 424
738 546
638 955
541 582
30 44
120 80
515 72
702 325
753 705
954 333
702 955
958 621
178 45
138 882
706 206
822 565
260 580
618 762
447 678
295 108
679 75
223 1
321 85
561 897
963 394
170 74
669 96
14 792
853 84
8 67
386 229
744 928
566 217
77 86
298 417
505 462
400 342
786 813
158 848
799 638
742 35
171 588
211 820
231 637
685 641
426 110
688 79
657 786
526 220
571 113
918 625
901 940
807 768
558 925
53 565
115 294
462 783
3 35
947 277
522 920
721 288
376 20
430 940
110 93
884 2
452 307
691 362
81 175
722 367
765 103
933 563
880 238
836 530
650 427
584 722
971 932
598 173
988 954
557 944
366 773
943 395
294 162
176 296
80 360
954 779
79 524
464 261
824 315
950 964
429 101
989 333
438 180
774 571
932 728
745 49
891 832
46 876
707 898
536 76
532 618
441 551
431 410
302 286
539 267
661 62
149 449
598 395
634 386
494 694
23 637
20 424
108 312
484 911
513 385
82 822
530 592
441 162
177 580
339 334
833 666
720 394
314 789
586 57
897 40
158 370
386 229
567 478
453 891
314 200
170 221
209 945
481 441
591 586
660 773
327 532
819 796
849 507
918 426
676 786
360 93
956 510
291 680
15 876
40 12
96 985
62 679
954 952
138 192
196 640
563 175
524 839
946 124
408 604
138 910
325 988
10 316
311 821
809 230
887 592
950 829
403 361
735 369
811 302
453 294
964 790
772 879
608 81
501 388
815 587
264 194
290 237
932 466
112 345
595 666
680 422
52 847
308 671
812 59
767 660
564 214
71 580
229 335
822 334
227 343
545 154
367 557
380 661
591 618
568 209
658 107
192 285
470 449
491 671
847 529
501 314
539 27
334 650
127 81
687 694
481 792
439 826
622 96
777 671
634 904
215 666
370 557
181 800
538 853
860 615
894 346
219 383
169 278
903 222
204 352
956 17
121 279
196 908
698 933
633 259
550 564
559 644
916 191
449 394
87 375
609 130
892 884
17 481
460 631
715 527
79 141
595 11
220 682
145 780
823 819
449 501
52 810
281 908
673 856
62 61
280 309
97 647
822 370
542 645
121 107
22 539
115 494
52 273
691 620
493 390
583 64
515 118
166 657
456 760
416 934
460 312
523 789
713 276
954 679
438 570
204 831
34 321
158 316
265 395
804 639
390 278
949 160
392 577
976 626
689 703
439 535
132 270
163 696
449 76
566 75
221 703
251 400
71 400
206 102
847 276
746 158
189 856
677 2
7 361
400 290
369 38
792 706
817 595
669 294
639 329
446 911
77 591
339 116
855 959
157 846
524 373
702 374
618 868
845 859
783 906
345 737
949 17
279 261
523 492
599 350
390 783
990 880
700 494
545 665
64 745
252 192
964 189
227 952
889 412
560 292
171 482
295 439
518 745
40 621
720 235
17 173
365 49
72 896
843 856
879 940
25 472
822 374
93 779
251 985
474 586
610 699
175 262
369 571
666 986
843 277
662 50
943 158
666 744
365 16
317 124
395 951
908 14
697 694
310 276
804 47
951 533
369 133
595 835
63 914
596 572
86 50
79 71
900 534
284 188
558 856
368 13
425 516
169 64
709 820
687 61
598 943
563 412
768 254
131 717
554 683
401 487
47 828
303 817
523 638
543 908
308 241
515 241
80 903
518 156
198 827
499 741
386 401
631 776
192 140
283 14
41 445
666 495
364 363
952 376
179 853
294 703
441 284
492 212
147 450
612 595
238 321
819 211
204 833
314 146
511 555
811 329
649 379
214 133
49 312
717 57
930 853
194 375
8 361
853 811
654 157
72 467
954 97
853 80
467 518
962 887
44 158
870 481
851 684
484 740
466 697
826 676
288 523
183 699
487 379
948 45
903 830
896 939
794 73
985 984
772 412
574 960
759 278
307 574
622 290
241 783
794 817
849 875
446 442
88 658
901 555
792 120
564 416
906 518
735 367
530 403
484 588
291 827
964 759
492 120
434 50
633 411
120 75
371 198
961 885
162 87
293 783
234 395
846 721
774 411
976 115
84 456
598 889
689 703
194 77
787 187
873 424
110 722
794 584
397 542
589 479
511 244
577 880
171 379
349 584
743 107
430 759
222 118
140 455
387 103
277 255
835 737
940 46
960 71
630 933
912 529
530 895
732 416
98 360
706 51
955 580
884 700
666 2
819 222
40 576
911 456
215 101
591 194
107 570
901 430
830 94
542 952
969 321
564 59
871 676
189 45
375 319
534 205
927 513
953 351
187 42
334 973
787 12
565 903
168 573
729 120
559 80
462 661
445 870
397 427
374 660
578 319
177 221
618 555
380 426
82 256
667 933
567 912
759 745
178 53
642 255
779 787
160 272
666 847
768 246
21 620
886 256
56 463
261 814
498 109
835 126
93 11
196 417
799 228
30 705
251 878
469 16
504 481
686 108
729 424
642 488
574 504
494 662
30 602
155 76
204 548
427 63
856 864
671 946
166 302
178 947
263 629
427 926
426 278
422 48
873 481
364 554
498 643
721 21
744 722
387 862
532 343
878 387
380 911
876 311
28 794
636 555
469 216
366 753
484 955
470 596
656 709
667 228
612 247
286 930
439 219
313 289
187 329
782 927
953 768
5 139
53 903
510 530
522 696
283 755
361 588
350 540
64 187
559 488
864 328
621 908
133 608
833 725
559 328
989 30
346 327
970 800
839 94
580 361
768 238
405 714
722 84
64 488
709 934
432 524
6 449
15 38
30 228
523 70
281 18
374 792
373 263
779 584
478 399
504 896
64 810
539 282
989 427
265 108
789 367
16 167
411 357
366 533
348 34
595 522
959 903
141 87
964 175
630 953
804 911
930 932
637 617
200 430
896 515
320 488
218 445
548 856
774 826
946 201
80 256
179 602
916 584
409 666
376 291
604 430
680 469
722 792
344 518
16 117
792 916
187 27
184 466
945 91
189 307
424 403
437 522
787 625
228 799
783 168
595 211
346 187
895 773
669 214
386 964
786 502
268 88
912 627
851 671
31 636
171 508
886 117
879 627
465 790
615 319
339 753
505 329
827 173
589 96
989 379