2120887
2120887
2120887
2120887
2120887
2120887
2120887
2153500
2153500
628692
2156434
2156434
2156434
2156434
1247649
2156434
2156434
1752376
2156434
2156434
2156434
2200207
2200207
2200207
2200207
2084226
2153500
2153500
304853
2117559
2117559
2036455
1263976
2036455
129359
2036455
2036455
2036455
2036455
2060087
2060087
2060087
2060087
1001527
569129
1579576
1908531
2001655
2001655
2001655
611304
2001655
2001655
2001655
2001655
1893409
2001655
190229
1073888
1984251
1984251
1984251
159977
1087709
1855962
39310
1707865
0
1707865
1977746
1707865
1977746
1977746
1977746
2013300
2013300
1917091
1813209
1813209
1813209
1813209
1813209
754333
1813209
1452794
754333
1549121
1813209
1813209
1813209
1681720
754333
1813209
754333
1813209
1813209
1813209
1813209
1813209
1813209
1813209
1813209
1813209
1813209
1813209
1814064
1324750
1648725
1648725
1648725
1648725
626751
699602
1648725
1648725
568612
945113
1639599
958578
1648725
852845
1648725
827652
1648725
831985
1648725
1648725
1639599
1639599
1727541
1727541
1341913
417077
831985
1739584
1739584
1739584
1739584
1341913
1341913
1739584
1739584
1739584
1778613
1502264
275070
1778613
1778613
1778613
1778613
1778613
1778613
991306
1778613
1749834
1678990
858283
1766115
1063517
1063517
1731644
1528252
388862
1556291
1524493
520645
1563757
1076014
1586202
1586202
1586202
1586202
1739383
1739383
1739383
1739383
1652068
1739383
1825241
1825241
1825241
1539963
1495372
1825241
1747532
947527
1747532
1747532
1248043
1683091
1691399
1694743
1756003
1756003
1756003
946058
1756003
1756003
1651390
1651390
1651390
1651390
1651390
1651390
1651390
1514258
1480793
1514258
1514258
1514258
1514258
1562913
881349
881349
510180
225937
1408394
1408394
1408394
1408394
1408394
1365916
1213419
1365916
1365916
1365916
1365916
965814
1365916
1365916
1365916
1471470
45055
1512836
1512836
1512836
1316452
1360419
659169
837143
1360419
1360419
1360419
1360419
189207
1324520
1360419
1468863
1265619
1541426
287638
1541426
1265619
1541426
1525344
1525344
1500728
1500728
1224921
1500728
1500728
1500728
1500728
1500728
1500728
1500728
1224921
1500728
1500728
1500728
1500728
1162294
404499
1162294
1390359
1162294
1268716
1112728
1390359
1390359
1390359
1374044
562119
1374044
1267622
1415758
1440220
1440220
1440220
404499
1440220
1129757
1440220
240598
1370148
441581
1335405
690836
1335405
1367134
1367134
1367134
1206206
1367134
1367134
1041870
1206206
1367134
901251
1318199
1260714
1041870
1260714
1260714
1157271
1157271
1041870
1260714
171390
1157271
735104
1299766
1157271
1157271
1299766
460246
1337469
1349050
1349050
1296146
1349050
1349050
229939
1412500
1412500
1412500
661114
1412500
1412500
1296146
1412500
1412500
1296146
1412500
1412500
1412500
1412500
1412500
1374231
1412500
1412500
1412500
1412500
1412500
744418
1412500
1399610
1399610
1399610
1399610
1399610
1399610
1538937
1501437
991863
1501437
963656
1501437
1501437
991863
1483680
1445411
1483680
1483680
1483680
1483680
1483680
404499
1483680
1483680
1483680
391380
1483680
1283409
963656
1210269
1081720
1210269
1210269
488086
687744
919044
1229123
1229123
1323622
1333291
1333291
1333291
1333291
1333291
785000
1246045
1241480
1241480
1126001
1241480
1241480
1241480
404499
1241480
1241480
1241480
1241480
1013637
1241480
1241480
1268626
1268626
243755
1268626
1268626
1283698
194510
1283698
1117261
1283698
531108
144669
1283698
261533
1270225
748290
1270225
1270225
1270225
1270225
1270225
930526
1270225
1270225
1270225
1270225
1270225
1270225
748290
1270225
1194655
1270225
930526
1270225
1270225
1231600
50596
1429709
1044789
261533
672351
1004568
1022559
1429709
1019270
1429709
261533
1429709
1429709
1429709
1429709
1429709
413691
1004568
1054973
1054973
1241183
1241183
1241183
1167314
455707
1167314
1167314
946234
817992
1284145
1284145
1009840
997508
901524
1251637
1251637
111252
1129407
1251637
1298537
108193
0
1226960
1226960
1226960
1226960
1368293
