3830 2553
23263
13992
10907
3465
27224
15698
22947
4259
9405
26197
27722
27875
7069
1555
2615
31973
2680
18459
22157
9682
5668
254
19054
22485
7024
21087
6334
29390
20744
21834
32553
25419
16536
16071
10343
2996
23348
12974
958
19909
11512
14524
13769
18497
29675
2023
1657
7397
7721
7151
28761
21147
29506
18742
13590
10225
27869
17105
6974
27081
673
18143
14664
8786
27989
25881
29141
13367
9541
5035
1333
13846
8168
1603
23597
8755
4289
31591
28663
11886
12675
29707
29579
24690
21880
2403
8733
12848
19491
21750
22247
23180
22309
7924
21032
3669
14173
18121
20333
19835
5459
6642
20751
4220
18647
3343
17661
27168
17381
2874
26299
29030
9420
20376
683
1982
13199
32045
32396
20344
20108
26869
19264
26237
2651
18992
9170
14653
2297
17661
15799
488
19494
810
20052
18401
1803
20299
2497
29552
13088
26121
32461
18871
27725
29117
29762
25831
22608
25662
11114
31923
7518
8950
11217
4869
11277
14652
31821
22768
24689
1246
27964
24551
16005
4348
22541
27436
19917
4893
30722
30090
22586
15996
16435
16199
4174
24995
21207
30805
25216
571
32191
23240
30178
27427
24611
18829
8193
24767
7585
18264
20493
28563
17027
23006
13626
2320
15681
11589
9317
25261
4422
3032
251
19258
9975
32256
11543
27249
23794
9839
17642
7887
16019
11935
10592
28066
957
22395
7680
14690
15831
604
32277
12868
22036
17974
19723
13581
16632
25876
9755
3108
2840
13761
20267
18156
8993
21960
29423
6992
1307
14239
18005
1440
10991
24864
7456
6811
26151
28216
12754
16333
1782
11235
9424
15899
29816
24408
30401
25244
6714
3456
567
8618
20221
22189
14481
28729
6327
14985
9760
18280
29147
22605
392
1622
29658
32563
19049
9783
2794
9005
15167
29863
5894
2519
4743
18493
7734
17322
30500
25444
29712
17779
31744
31078
31359
13828
1782
2506
24515
17450
7920
1504
32185
6367
25932
29850
15965
14784
16005
2205
10637
28609
28175
23704
16
1567
10626
18901
2006
30102
26363
3342
28033
20437
27327
11649
24357
32559
22562
23110
17484
11923
18856
12769
14142
28094
13417
10260
9087
26031
6842
32247
11672
12635
21001
74
18458
11939
24585
9
6625
23427
13072
14657
6550
5004
14781
7203
631
16788
7645
11350
1627
22956
9871
27282
24816
12114
1447
31851
12360
31720
5201
1642
13972
10597
17143
27746
26927
13643
16484
27649
28894
16345
7209
17830
32598
7041
26687
26482
7678
28828
7663
20130
23031
18781
18927
4892
29018
6659
17358
20807
26048
6483
29841
26144
6152
32070
28831
12683
20820
28671
26842
21222
23893
20735
14095
5092
6601
5788
2448
30105
8001
25519
29215
5073
26408
9614
23566
21158
4865
20026
11685
2642
14576
32473
6340
9537
22908
13926
24265
25707
25235
22695
2996
15840
25550
8543
27786
2468
22519
22470
17655
28862
10185
22070
2102
21132
18934
14887
6454
5209
9327
20573
22005
3889
4831
4448
29232
4084
13944
16941
25919
7594
29427
3371
28475
31254
15570
10080
31073
4238
7401
21989
21947
18186
3356
26519
8701
25978
4714
30480
20909
1885
14379
2262
9094
19343
20629
22993
1567
13922
7813
29187
12232
31217
19581
20339
28084
6321
21736
15722
28254
5705
16294
11234
2853
10916
22724
6972
21817
11076
17547
28721
27067
7897
5309
17419
20768
12050
17179
1301
28119
27827
13610
31568
15915
6632
11575
1383
30058
28376
19609
8677
12359
3198
2870
6310
18557
4532
18505
22667
2997
1681
22626
23922
22954
4597
13486
12902
28043
11618
12152
25618
22177
19214
20976
30588
25649
8758
18219
14576
2212
5556
30828
30521
30693
26836
16034
32536
1291
13924
19761
27374
824
24074
14837
6844
11712
23515
18052
26701
23438
15912
20148
27570
452
11675
94
25583
18850
15235
16481
6132
15785
27245
24809
17359
20992
9460
3313
26143
19478
5850
3334
460
19849
7255
18766
10229
1607
15280
11466
24106
20979
23820
19928
13532
17546
13444
32764
8721
27206
4729
13023
29788
16066
3626
17048
29197
8032
16005
7467
30885
15592
30014
24911
12429
20593
12319
23157
10503
6021
13471
32261
28772
23424
2485
19947
31864
2105
17390
17490
30539
5604
22462
11439
17425
18999
26131
3586
20572
5324
14128
2649
1425
2759
22457
22421
28312
17848
3082
13680
26072
10691
3533
1215
24419
22270
18380
25589
9069
18970
1027
29929
3331
28742
16378
12249
8442
12880
6994
26542
4389
15117
5277
25473
32715
31996
2163
12639
5975
15142
9922
5705
19026
6472
21093
16255
20367
30516
7928
6399
11941
7029
24811
27976
28834
28978
982
12899
18686
23893
6924
10276
19150
28395
24691
11182
32314
28366
5523
25653
27185
4738
31468
11528
26204
22110
20877
24782
18768
17132
6882
27151
18183
8594
2766
15607
5009
25713
24569
7767
7687
17805
5740
23533
30657
24878
10331
23013
15304
20359
20801
6559
2702
406
1843
7603
28125
25931
7789
20275
14606
5356
19250
18480
14715
5560
30163
10111
19255
27083
5389
20924
9724
31041
663
17296
30308
5790
32252
22832
5980
8814
20903
12070
32726
4648
20028
84
14527
24152
4143
9526
28465
7165
17295
6247
30441
17712
23074
9319
20731
29959
26551
7835
2756
6841
6328
21397
2337
26627
30463
2198
5086
32458
28906
13905
13682
8705
22194
24818
17129
28109
16888
12639
8225
23271
7073
13246
5177
4419
13284
24375
16967
19951
8353
19195
6729
24637
22005
13445
22111
548
11531
15136
22583
4068
19765
29865
31432
25321
11067
16278
11331
21490
4851
30263
25670
10354
28433
26428
19027
28470
17217
14200
8322
4169
3187
4324
18034
5141
31606
17127
26757
26058
15817
14292
12109
5380
18606
25525
833
23208
23167
4167
14517
25870
9797
10821
14345
12134
23943
29673
30240
26708
3168
16561
20755
11230
31700
7775
9511
5256
3684
3907
11773
26557
19168
14780
2057
24945
2429
12541
26181
25349
30504
15117
20519
2411
25369
14353
31696
28298
2730
3790
6278
6628
22378
17002
7524
25718
17261
5490
28752
21471
22503
24098
31022
12485
31225
28640
30035
23669
31179
15881
7997
10697
6107
7152
32385
15695
29845
15908
29700
14503
7715
24818
22126
13613
12422
14379
13020
20953
15334
3112
1494
22627
25894
10250
128
15786
29884
32070
11796
342
18368
8290
3471
12476
22338
761
29611
4355
18913
3845
18702
13445
17305
1886
30913
32632
26589
20861
8931
24526
16870
3206
26527
15449
1866
6534
24155
24371
26832
30968
3378
24413
25987
8591
29861
19878
21509
13359
909
10447
5670
12604
1876
23788
10933
4888
27749
21005
4503
29159
25313
19998
13845
5270
15252
11788
21370
4891
4391
14890
2014
28158
4503
6610
2365
16152
31718
10831
12492
26523
9744
15610
20620
24402
8000
164
1823
2346
16964
6708
1499
12530
19518
12433
32029
5727
19357
28611
8927
10579
31564
18261
1933
23390
24105
26621
11541
10886
11961
17535
5182
18755
30490
6606
13370
1998
25913
17012
4222
25243
12101
22837
24785
23076
7267
28399
32675
30697
1443
22469
4769
9397
25394
21372
8582
13346
14802
5413
3892
18783
31880
28157
10499
31025
13972
8081
16473
19768
4518
6438
635
3188
3151
9303
674
27912
29878
17664
10834
4925
31628
20571
999
457
29506
32617
4977
24402
3961
148
12737
13614
14522
19602
7620
2925
18535
17036
14352
1561
16625
20352
7357
26556
22092
9444
3958
7459
23200
17036
28111
13922
25410
22477
7129
28952
14818
16355
7925
14324
28166
7568
23269
15224
6839
23046
9513
2045
13433
2823
8840
15608
29569
1099
8941
18811
11811
6178
28532
20991
14218
19290
16069
9056
5803
99
17313
22313
10619
23985
2490
3346
2144
29538
5320
24007
15846
25633
30169
27371
9908
5450
19176
12381
3518
10830
23730
31418
22716
20314
20165
10019
22746
5939
5594
4160
5041
28773
10340
19588
6262
30108
7529
8627
13681
7506
11665
20898
8625
3242
19069
9279
28415
4508
16473
21200
22544
2131
5557
14464
16127
12243
7568
27671
28666
12767
28598
9993
31803
25114
15181
7602
16697
30828
10154
11488
28704
19111
14185
146
10623
18795
25020
6143
321
17479
22019
19162
32479
14624
7581
13269
28116
13015
4094
9316
4688
31526
19714
1475
5680
9163
12673
19258
16942
10985
31268
22944
22357
16043
2167
2078
7353
25642
32319
7733
30052
1425
8973
29442
4755
11135
18451
4545
5667
26028
7735
1937
14662
9936
12902
15990
19322
6080
1067
2468
7612
9690
27264
18171
11768
20644
15076
14798
9925
31408
26285
744
1871
16835
672
22993
1940
8757
27839
27469
3284
27035
1122
294
16962
15524
10377
22315
10752
13377
28785
16761
14922
22025
21093
2041
23282
27611
11479
6954
22284
32453
26031
1569
5866
31012
5091
16846
13899
13325
26440
19840
19151
29676
17064
12459
28334
6251
15380
18922
25514
918
30587
3904
25154
31804
3964
9123
26921
3992
121
26043
8438
13872
18925
23527
10269
16382
14847
8577
23326
19406
5975
14691
27900
19943
7472
27049
25585
27117
32174
1209
20064
9222
24178
17281
17419
11580
877
5376
1926
20259
7153
1800
23532
15035
26126
11330
25296
16023
7195
9074
5750
10303
24723
9212
13379
21716
7203
13224
11123
13554
512
27042
25610
18394
11902
25285
29197
20945
5087
19224
2289
20931
10600
8345
17236
31276
4283
4922
4843
12601
9568
9770
27836
23594
10917
30293
1421
31226
2984
18990
12956
20802
25010
20140
17040
13659
13510
9618
25264
9922
10874
10484
25683
21185
5894
2039
30359
13900
9371
8408
10326
26666
1270
15408
18006
20053
24884
3446
27072
17058
31720
7365
19156
27300
14699
32223
11226
18126
627
30835
28764
15577
13543
1435
13458
8549
5874
18089
31006
1251
87
22819
14074
18354
11780
11276
28590
14728
29673
14949
3526
18452
16650
20212
10627
226
10707
13636
1489
27262
27820
31725
22905
30940
9422
11285
14488
8439
8021
6711
12880
20409
1686
13348
30397
18459
22450
28743
6442
11405
22124
16940
17029
14232
29495
14404
26641
26562
22419
9954
23131
8882
3226
1162
16495
5012
28630
23403
21323
18623
27222
29738
28052
21653
7681
7649
17288
30123
32042
14184
22324
2603
100
24019
31975
21110
28311
25659
998
18189
27475
30914
22369
1457
16229
6865
11174
6601
4008
18084
2965
9221
30238
31241
23124
9537
12607
30308
7492
28844
23953
25591
8755
2345
28025
14944
21971
28149
21329
4707
24170
6794
4538
17642
20172
15812
9780
31562
1415
27715
492
5320
3165
21008
1236
1372
3063
10115
12025
4533
10199
28004
31762
3196
22159
13392
7508
30941
2608
29534
1422
13892
15622
12803
31601
6500
13954
2355
9775
5758
7288
16329
18505
24800
9355
1577
7329
9132
31205
5412
2519
14298
11051
13340
8146
31616
13487
27240
5021
11857
31464
24569
11637
30564
18720
12606
23840
30776
10349
14918
26752
4340
8930
7461
26727
14835
18182
1944
1965
5759
32645
31724
14464
9437
4902
8475
21500
12171
24829
24121
22523
25541
11490
17678
14127
12621
4130
4101
28526
22380
25204
14149
23116
17204
12078
24861
27631
8969
2744
12709
21535
21344
23617
15778
13725
2245
28594
9387
26550
23331
25568
5770
30231
5696
18694
18405
21219
29575
882
6686
28419
8458
18046
31351
11454
14791
15298
15482
24713
4906
10888
29592
21536
980
13184
4112
32725
1947
29878
17170
28200
25810
10688
28196
32153
14026
7228
8646
29882
408
30842
28497
7304
13081
23157
4645
21755
13620
9992
13315
22492
30047
1374
20664
7639
1381
3243
31996
6609
14694
31257
5273
15996
26399
774
5072
552
10859
5996
8184
21724
21258
10400
872
15525
24482
18496
8343
3118
10755
13158
8322
26513
10415
7714
24654
2925
27034
21288
25135
2617
10798
31685
17800
29655
12434
9240
2644
7020
18988
20350
9156
28528
4965
12622
7721
6145
27820
24007
23573
20349
16573
1862
11965
10575
35
7100
19874
15113
30203
22112
29041
23476
23036
6561
5671
28003
17332
9567
10360
25871
25364
32090
8818
1182
8751
5099
23390
31557
5183
3314
3815
24592
21993
11535
24446
15039
17090
18709
22524
3796
9233
18875
12425
7402
15575
6037
23229
20040
22284
835
6406
32438
13868
32233
9546
6288
4850
13791
10957
14104
1123
27561
5972
17168
31247
4905
1931
15753
11156
5395
21156
11510
8547
17570
31041
24708
15047
23945
31636
32174
21795
7725
23236
3083
30843
21009
18835
29547
11573
24721
20543
8227
24353
13268
26533
16805
29112
3068
20396
22356
27041
4767
9441
32662
20346
17019
31071
15658
12244
30565
29938
9916
23679
14979
16508
13494
21257
7867
16535
8538
27777
16747
25467
3854
14976
17243
1571
26870
13675
19952
13483
12744
8178
30882
18941
13532
17372
8879
12972
19843
27655
5393
22304
14490
16298
174
28916
9311
25310
11472
20380
29315
93
27092
20555
24704
8329
7206
3347
2604
29104
29549
1871
31374
25998
8706
20798
16113
18451
10407
31472
12344
13159
2678
18022
26225
1324
32023
26357
2733
14595
26934
20459
31502
19537
20276
22133
29985
3907
25629
10944
14958
1807
31451
27743
25422
17789
3497
24045
21501
22951
31690
31731
2032
15868
20346
31499
10089
26507
8229
28998
6984
23167
25815
11980
4900
26597
19188
2498
12698
30902
25897
8561
21221
2577
18082
23716
8623
16072
24189
10065
28199
10782
10111
13180
31572
14287
6
16729
13993
21841
15935
12977
3545
16474
21657
28038
22253
7842
6778
20986
32403
17130
3376
18285
28857
17213
7466
9446
28506
17526
23400
30900
19352
7938
6960
29525
13580
16615
23555
31126
4954
28933
4047
8700
7688
22428
4454
8547
9872
28687
24367
27365
18611
18408
28187
1789
29969
12059
10459
26092
2551
15759
28497
12636
28280
20954
10820
24900
25535
27981
18263
6155
163
4400
12604
2544
2940
334
6181
29609
9781
4021
7803
25674
163
21943
15827
24169
1301
32308
30750
5248
13101
1308
10527
17554
7406
4143
3107
30482
14869
17671
18924
9472
1453
16473
8942
2389
6622
4728
2494
8609
15878
25882
16839
8691
6923
11871
22079
24569
2543
5391
32089
31080
12452
27171
15292
14750
24866
23432
23605
647
28344
17439
4008
15549
28063
15624
18765
4851
4309
21536
11032
31891
6696
3016
5753
23462
4241
2025
13638
12789
12484
3125
3830
12653
19461
12207
32271
11208
2365
26989
6625
9578
15437
23196
26741
3977
18338
31174
27841
28049
15370
848
25885
27079
10950
21319
19963
7468
24032
3164
31954
3748
27327
12332
26459
11607
21240
3269
27392
19032
10087
9062
10386
21893
24959
27783
18490
25006
26334
7449
14770
13305
27428
20751
17588
25220
9222
16157
32179
17997
926
22976
29386
17487
27909
382
9458
12782
5924
11375
8567
22677
4551
9980
20397
23710
8435
20967
18143
2930
25210
396
16520
21745
29132
25190
31429
29716
32272
1748
7947
2768
1652
541
277
13630
12481
13490
18977
22522
28210
11700
25692
11721
25222
17846
15003
22654
16724
22212
8267
31006
5535
13732
30123
4930
10154
20571
23609
16317
29965
5620
3945
29311
28425
2940
13725
22457
29465
12881
15698
3138
12745
9117
6807
13626
30667
1309
30916
15085
3400
15143
13416
11001
8052
31723
12675
1460
26725
10233
25078
31432
2341
3075
4151
22816
18950
28644
16969
13832
13621
5858
18668
3983
16274
5424
20241
28208
29631
7863
32144
18866
21367
13079
1821
13645
25378
19176
12409
5902
5030
27205
10469
28285
32383
15499
18140
28284
10258
7518
32001
28274
15422
13037
6999
30377
31029
32119
12464
27637
15498
15
8296
7831
26251
26268
16466
16480
2000
19747
4851
1562
3348
3145
29166
30755
23876
12051
15552
13915
7638
30193
24493
13120
4444
2811
18170
10840
17497
19322
4701
21968
31827
19114
7346
10082
7465
29118
11247
2172
30887
24869
23898
26014
15448
30476
8698
2307
29083
7972
24395
2181
17401
20389
2102
19131
438
22419
16959
26468
2726
25152
27393
26376
8514
21522
4567
9692
20987
25734
14813
24039
25807
6517
30743
7267
3353
1942
16879
9830
19373
31813
32741
4289
14116
29826
14466
3880
7797
1341
26509
16020
14790
6353
21890
28390
23937
9678
832
12237
25513
17147
32258
9449
16239
15515
12176
25905
28416
3824
32439
27026
16290
27134
21494
20184
6143
8849
22138
28370
15552
13441
30029
5297
17246
14901
4298
20658
10037
32102
22612
12029
13531
1317
12359
21964
16303
17696
13359
20175
21941
21025
10552
32720
26017
16343
29926
5779
2865
3033
27654
27648
30144
14824
3557
8835
7449
1396
32703
948
14473
19554
23674
24883
11320
5901
11412
31958
24760
24971
6747
15367
14559
2609
13916
10855
6610
2393
24605
4024
14691
22114
9999
7417
9885
7673
14270
29906
16540
11671
10571
4915
4003
14411
16156
22585
13416
22714
29394
14929
25010
29796
23163
25503
5158
25641
16137
16033
31838
1547
30468
13839
20284
7221
22907
11270
28798
7485
23872
27750
11154
22950
14421
7801
28331
6825
5025
31189
15380
7732
9959
17027
17861
5172
20729
20576
26420
272
41
9668
29037
10613
32513
22882
32101
27481
31028
22383
14475
10298
19667
15879
24481
9383
31684
22732
23498
258
20849
32720
13796
12164
4285
23989
21527
2945
15932
24850
13742
30190
23203
23833
8486
6944
8573
7543
30853
17878
8224
29052
10222
25466
14560
29308
25201
7588
26242
2421
8487
11488
21492
30705
6271
18609
7227
26670
6099
22742
18092
18557
1855
19403
21343
30184
30642
13971
27617
31255
31045
8629
3113
24693
11212
10117
14285
26254
15787
18340
3958
3003
19692
5066
23186
17410
24206
6595
22856
21048
24607
11960
29361
3432
26509
32688
4933
5497
9529
2902
20371
15114
15437
26877
7990
7841
30032
225
17412
19205
32503
6576
12680
20200
12606
24393
2227
6601
1720
18115
31694
8217
16419
29617
11955
2717
26176
676
26429
29971
7650
23794
8701
24
580
31158
24366
14921
31135
12312
15339
9385
14332
32463
11168
22083
25671
27876
26047
784
5030
26552
23476
27162
3849
16968
19226
28386
5889
14768
16431
25087
6613
8942
7301
15625
4051
9705
30203
21941
29156
10674
25068
19521
32355
22025
166
14611
16431
20003
23838
23965
3071
2218
29922
23683
26614
26886
31822
15616
4472
32219
13059
15750
5435
2258
23701
14756
11681
13213
12676
10029
23365
5685
23662
28311
27603
29286
22402
8865
25374
18574
15928
23352
31340
10658
26431
14236
10772
27249
23223
19391
29004
7213
30881
31982
20540
28199
25492
4530
10327
23770
945
30969
30442
21035
13785
3185
7669
6895
31517
21045
12091
21934
15477
427
28053
16038
30389
20396
30859
32019
25278
17894
22053
21934
28145
10623
20223
26228
5866
13563
20636
20392
618
10592
18940
28187
23700
31384
13937
2731
23133
6934
19118
8970
28478
10941
30753
12225
2859
3325
14979
2932
29897
10815
25517
24423
5084
24707
22957
14657
16382
26439
31513
11792
26519
10923
7587
11918
8969
25044
23278
28835
2091
25742
8096
4650
20985
1077
12473
22776
12426
27605
6947
13338
21826
19344
16777
25183
3912
21312
31853
25111
3130
16478
117
3609
4384
803
32518
3083
16287
16108
13588
28637
15216
10723
23609
14487
17424
4060
12804
2645
5816
31869
2451
18831
11407
20642
7012
31646
10527
18175
1896
4220
3333
11272
15705
31180
237
19725
16206
13082
19646
25258
29325
8035
20242
31326
29344
24536
2281
9082
6827
2015
4510
25405
14588
21083
1818
13373
8420
15405
20039
5384
3781
10235
14279
27148
4717
28463
23783
14004
29602
1091
18638
29140
17662
2621
16891
31047
6398
1397
18414
26839
3413
2462
6436
22620
8326
2308
21833
17704
1457
10515
4010
10915
27309
16409
26089
3635
25688
24653
28404
607
29995
5135
5687
25907
25106
12145
14097
24038
18810
23287
3205
23994
12459
15259
18739
10276
31576
23572
27526
9773
372
15192
8750
2328
14152
9312
21713
69
7107
13099
9469
1621
24849
11013
31586
2447
879
521
30014
29570
16957
17893
17944
21484
12116
15837
25009
13019
18587
28179
568
19986
20437
24581
24253
17838
21693
21591
9704
31754
9557
16851
4331
11487
6267
17838
8885
32688
26301
26892
26472
6501
1390
24519
18446
28982
14329
9324
18056
27850
19318
5511
13766
1952
12411
30753
16958
2479
26421
902
24214
4425
29111
23116
26788
29765
16529
5264
6809
15453
19877
16259
7289
17109
22838
30246
18895
12126
32066
30545
32670
24121
2834
23802
1690
29087
26383
22708
28056
4705
22231
6518
26692
9164
30096
16030
1554
28367
17021
31797
21879
2144
32206
21621
18264
30491
18365
2696
26307
23596
13782
12947
14557
9072
21142
755
22811
32471
15160
19143
9653
12557
20428
12718
4184
27481
10633
9426
26396
17093
19300
5413
10677
127
16610
27370
16109
20863
7978
21112
7762
6506
7262
17978
16939
27830
12587
31227
30129
30224
30879
2912
21372
19194
16955
7094
2108
29625
2634
14062
11689
10862
19569
11238
20925
5507
25734
14827
32288
328
29093
14203
21476
23774
28545
5711
3954
32341
31225
26777
2244
29201
28396
19338
981
22898
25165
23319
25942
7348
6266
4861
8099
29715
31433
16642
27637
3123
14948
27774
9177
18880
5464
22299
20193
28753
29160
31449
14489
12435
17447
10581
8892
24995
29126
12362
26536
27067
10282
10072
8464
6673
22721
19204
9969
508
20375
2305
31431
32089
6180
8622
29440
557
9321
735
15025
29068
27195
16352
31112
28601
27358
19127
14338
1934
22741
21162
21469
7454
20473
27649
6353
29594
21449
25869
20859
19057
2049
27753
25754
21947
22382
27776
21117
5592
32000
16463
9916
21076
8993
9581
12839
15374
3397
3912
8444
31386
32706
16305
16733
10467
23011
18587
3584
1301
5687
23327
20777
22458
9519
1988
29653
22051
21992
21502
19768
1033
16710
18676
1642
22644
27458
24454
26206
10716
3717
28047
6675
9614
17973
30823
19726
22098
2575
4269
9735
32331
12470
6979
31715
18462
27722
11161
22242
4951
30013
21295
4634
24584
22370
2645
12580
7602
5447
5686
15893
24937
5573
4116
17327
18228
4053
29141
14297
691
26789
19391
27213
25348
14316
1920
19345
19942
26234
23665
8232
30239
6931
22811
29705
20764
27005
9723
25168
4056
30680
25986
1332
7935
3630
21856
8761
29266
17483
5378
26278
8013
16847
13657
18490
2823
17537
30174
24091
12123
24806
21203
17935
15173
12563
18635
27118
4750
26047
29036
14680
28844
28060
23924
11171
13028
9960
20474
7703
3505
20286
16119
25182
12649
9651
15620
4406
8734
29470
12389
30057
18114
27831
31559
8959
29583
9444
31046
3762
29606
32335
30258
14754
22007
21820
531
17738
352
21274
18026
947
21529
8279
16570
22503
21071
26745
1607
31401
10255
25707
29982
30563
614
24340
30293
30048
967
26670
13716
8507
22444
10582
29141
19096
10624
4447
19303
2577
701
18924
13113
884
21586
11070
24405
6187
12103
8778
26795
7675
28835
15631
30224
28146
25742
20774
6278
24474
9395
28827
15550
1139
13800
8443
21979
14240
10513
2222
9593
21985
17217
1671
17646
12737
28963
26522
21455
6161
2457
12110
28599
30868
9122
9651
22851
1788
897
8213
27233
26645
25372
14289
16843
16193
6562
25447
18382
12324
26224
9681
28752
10400
25398
18451
24081
1796
24917
20756
19249
28800
13964
12204
23283
27613
15572
19198
14528
5226
2440
27912
10351
31034
8137
15224
27587
31884
8737
12993
8501
18315
18278
22383
32756
9784
5858
4535
5419
24484
12208
26451
26242
24162
8041
1933
7655
15676
3073
23961
8846
3109
13547
7463
17206
24943
3972
32057
21935
2878
686
5426
28569
30013
1467
4144
7278
5775
9870
10908
13507
31753
15100
11776
15050
17054
16760
24344
24604
5658
13552
4651
6325
2068
22514
22939
24384
21277
15123
700
3734
24126
657
21730
29825
5282
12087
18110
453
25999
28289
7658
15201
155
13825
11458
20754
8732
11777
8822
32025
992
12138
8541
4414
17950
22757
3980
21781
25773
32575
21928
6528
3188
32018
32760
9589
25890
9634
30142
24577
8991
24325
15048
23437
30146
10119
28482
