3830 2553
23822
16962
18257
22292
21544
31809
30888
27983
14839
23453
2430
2639
24496
12928
29155
14899
1037
23445
7530
1936
24407
26055
30685
9565
13764
11595
12847
28684
25604
1504
21426
2554
6679
23125
27530
5897
14433
25932
30306
23435
768
26431
19550
16995
8029
32192
11088
3686
4097
5
12590
15112
8875
1187
23236
20532
1183
29850
23206
11643
28992
20370
23657
4209
12001
1380
2066
23124
19929
2268
22991
22767
24021
32702
8677
5822
3443
13318
16618
30291
26636
10868
29748
7416
9680
584
18065
28822
16921
587
31032
11478
19449
30478
30976
21381
9493
18038
13264
31805
8887
23672
25175
18242
17694
21794
6653
30634
31001
2011
15129
30913
6100
22507
3940
21163
6385
28222
11438
21067
10970
16484
28623
26724
9558
2269
9185
1022
2651
5268
10668
27660
2340
2473
13154
23627
14210
2931
26765
26989
30071
24518
1605
28791
12033
31089
20390
5480
28724
3083
25217
5403
32651
3312
17490
28270
29312
17798
15218
9892
28762
23237
18574
11528
5959
28150
21592
8659
14250
15034
25980
1104
22966
22095
29398
3134
16700
29711
9698
12918
25537
21305
8564
11470
1236
14836
8361
24892
27807
8593
541
5183
27835
30737
4958
22138
10057
6887
12449
30114
19518
28415
3252
29851
16638
14846
13620
20190
26157
8396
9984
2846
28609
28496
1773
24875
860
3450
21180
30486
4314
17799
7753
31126
6437
16256
12548
5034
22353
22020
6053
2432
32741
10312
32284
31382
2678
3420
26055
3871
14715
19632
3048
5288
21596
16342
5206
19963
18380
16777
19571
31300
8281
3567
6749
22386
4929
30747
27753
9184
2440
6358
15565
25397
24903
23199
32156
27273
22855
1776
248
30665
23246
14531
12675
22620
5561
22613
12054
25350
8907
1066
9142
18701
8261
2897
25795
667
31927
23785
13427
23140
25621
4324
14207
23688
781
28171
29468
11451
5272
4418
26413
1955
28112
6670
6327
29569
31745
84
8341
25620
26882
30564
4717
21947
22982
565
20450
9177
31534
7410
7179
7805
20769
8118
804
9027
31711
16021
27268
15733
26514
19163
23759
4470
6695
6552
26221
5985
4955
13148
5691
26861
29465
12607
30336
9876
23043
27428
4642
14324
14415
23359
23066
27509
32468
23253
32549
14636
26212
7235
5052
11519
16733
1602
2631
15370
2939
21609
25486
2370
11248
8436
8560
23896
7607
15299
20951
21985
29221
29350
17899
4019
25025
11991
18822
20626
24405
3016
28392
29708
24901
19231
17069
8097
21792
18943
31740
551
29045
23434
32000
8813
23016
11428
14236
287
18820
5369
19034
4585
14163
31041
27045
20447
10540
8899
26937
28957
10445
12311
31191
32170
3882
817
28477
19875
6660
20635
8789
12949
32700
13314
17325
20522
30058
28148
12839
26632
23338
12008
10738
7414
694
4991
24504
28992
17466
13833
23577
1117
21859
31051
11097
21456
5817
28800
13653
844
19248
2205
20924
28699
28153
22233
27771
5057
6814
12397
20089
31196
15182
28568
24197
19790
29046
2535
28301
16542
27793
23475
26896
21916
9024
19691
29397
18500
8861
13076
21726
8421
26572
5261
17048
12675
30676
12568
20564
633
10669
29590
11770
29282
22171
12562
31228
3386
25786
22785
16522
24257
24537
31432
31493
17440
5259
17535
9141
207
24956
24309
12734
6838
13058
19188
4432
16787
23796
9158
27679
17819
18111
27383
22035
24932
7606
16733
12864
23298
426
12630
25624
16497
24507
28241
8415
17203
28525
11664
30048
30521
1535
31788
21471
30983
13304
13913
15950
16148
24834
1003
24772
6767
23035
32281
12330
10920
1354
25217
24888
18670
12655
30573
19360
11893
12766
1365
3464
23067
15886
2469
830
31050
18125
1727
26407
22560
13782
5444
11769
7373
19365
6800
29482
21053
3978
18563
2473
1528
1533
19079
1227
32070
8497
17358
19848
17814
8172
732
6119
9248
20117
3654
19639
10442
24207
28345
15232
26696
18373
23101
10425
8584
26758
9403
3131
21069
22420
6589
5110
32538
7287
9078
16099
12881
16919
25346
9273
30364
30602
7663
15076
20620
13099
9467
13619
31616
3052
6175
17617
28105
15597
11213
23286
26635
1869
21367
14558
5094
26176
30032
25723
30166
18785
2902
21863
13912
18762
21904
28188
1615
2658
404
5479
8869
16887
27469
1050
15157
4493
23291
6914
16617
11381
25723
21784
24351
31649
19401
10747
9298
13238
4803
29854
7670
4451
5168
12862
27555
12274
20480
11672
3446
11804
19669
27224
29109
5410
12995
25812
1457
13849
852
31226
19953
29061
4816
2951
18828
7466
9915
13435
9431
31775
23966
8649
32576
32036
17419
25426
18554
13109
15067
18708
30939
15456
4794
8351
10498
2771
230
26313
19644
17465
20787
16803
5417
11079
31059
22188
15898
18321
29012
20804
19134
16291
30058
11619
30078
6477
5359
6794
22309
21566
12968
2810
2372
4820
23114
17189
18389
17715
3900
32098
22046
2709
30879
30180
10968
15585
3724
29421
10129
23166
11420
7487
24399
17001
11694
15572
12406
30341
29924
11726
13803
22579
2031
8625
21370
4899
7821
208
24949
10858
19279
5
15262
23508
8608
16037
14151
19835
32003
179
17592
14744
19868
22868
16337
3226
3570
22915
13297
10613
17907
5894
5910
18493
16185
8097
16453
8947
20107
11401
7468
25759
22183
10779
27398
3742
26686
26574
30399
18494
9025
1127
10328
19592
15707
27244
23950
27229
20927
28890
22454
19141
24099
29722
16620
29059
4364
31538
3180
11245
19789
15673
13888
25082
1738
6925
9756
32157
23682
24904
14726
23633
5069
26223
14649
32501
22753
22893
15820
27611
26779
21568
18319
30492
1917
1779
3510
25902
27123
3788
18617
7096
29146
19910
31738
21668
25922
22081
681
1910
627
16121
25572
31965
5423
29493
12835
16520
28983
21313
31188
25915
30225
14621
834
20258
7
13687
27579
30821
27251
6359
23026
25596
1850
7450
20898
12997
12183
17185
27252
3796
21018
14538
28195
24842
8688
23327
8670
1257
19300
10446
16110
28326
20902
14554
24216
30592
31179
2447
23877
17489
26390
15291
30944
31331
19574
3611
11904
13956
22351
11540
6983
31325
14205
10915
25738
1023
26775
12951
27441
17343
8304
20222
20065
25668
1764
20701
345
6366
6865
12580
30874
9753
26723
32224
12875
22675
29845
10163
7643
24074
500
17281
9960
13497
4774
5229
26464
9445
19372
29188
17638
30899
7524
24247
32119
26172
21842
25231
26445
24547
32031
32284
26627
16103
10978
18863
26363
31796
9887
5321
16125
27519
2317
6610
29472
11409
14237
6670
10990
18147
25015
30158
14787
9068
25415
5347
13686
22711
12408
13144
24635
32056
11967
26209
27080
29664
7964
28046
19383
26351
32157
9284
17708
25866
31267
10094
14775
21645
28264
880
30588
12578
30017
32348
10385
18323
1825
21097
29607
25564
16351
27809
4077
9605
12729
985
20529
28206
27032
7142
26952
7788
2198
18702
30641
5331
5821
18365
2165
9044
29457
15481
10577
28362
1233
12312
17431
27855
4603
7217
18770
29652
24334
7120
28201
4465
31763
5230
390
6905
25310
27424
7287
11346
19090
6670
12756
2307
21603
14887
16674
5007
30112
21779
12471
20226
17136
4969
4895
7881
220
6947
23487
14534
7565
12879
18104
32164
30679
31239
30734
11112
6007
21922
5642
7753
15001
21036
25308
5058
23710
8724
6533
9189
6683
293
4596
25842
5669
5303
28783
27944
17612
7207
25653
9947
16101
1412
14690
10951
781
14987
16914
5284
18410
14806
23241
1531
17332
20560
3603
19255
3316
1772
7015
22271
30860
6295
25937
1987
6392
1131
2769
27541
17107
4133
12286
30267
15005
20185
14830
23938
28603
32740
474
4053
26815
23075
17278
30989
17642
5986
19135
2443
30447
21527
9360
13188
7418
5969
22294
21149
6641
5867
25866
12728
21498
3077
8288
8973
15421
11188
4134
24188
1003
6137
28078
6689
8831
23792
31983
4394
4420
20042
17449
27877
24599
22781
26312
17437
1902
7482
10123
9383
7065
25760
21989
23352
17736
18607
10916
28026
9038
7551
22480
31326
31140
29874
20438
29875
20913
19623
2021
27640
28616
16368
14745
22382
16883
18695
26583
6002
11247
28220
11000
8458
21623
27122
2089
1982
22470
8971
22545
22953
855
2465
181
463
32495
11255
1689
9393
1757
6063
14632
11039
7040
23357
32342
28494
18955
15259
388
16426
29317
29246
18852
12013
12052
1866
31389
23281
16506
7170
17905
12226
9184
14722
20125
18808
13779
30640
1089
29508
1676
4208
14720
29768
17268
13079
31146
7852
23015
11299
24984
21742
14136
13609
32728
31097
18934
270
11
31866
10350
22650
9610
31727
113
23178
22864
10752
13400
13765
20244
28051
18756
27986
1461
28955
2731
32360
9947
5040
1808
31237
2524
28773
18961
26339
24028
28630
30631
32680
16185
6144
11434
8540
15398
3670
18579
32289
3221
17
1158
26654
347
25799
31632
18621
28302
20287
2093
6166
5426
16516
6925
26795
20501
12600
28439
23381
2040
17707
16047
3966
13039
23852
24116
25489
25355
31519
24525
6575
10293
11344
9318
13476
18781
28167
32245
8473
6357
16477
18178
32522
26615
23373
4966
8059
24078
14862
24147
2663
13940
28832
22932
8442
10743
32678
16918
12288
1921
6771
23976
1692
16377
4967
1535
25917
26980
25212
25853
22734
32080
31260
17971
22061
22130
24118
8612
10719
12686
12688
17355
4098
13719
11615
14048
2178
18200
14101
20824
15248
10962
2170
3499
592
15270
7678
3929
26578
14262
24397
31023
13892
26824
13861
30918
25702
11243
1892
11086
30526
7260
16998
16265
11276
26026
31373
31002
32384
281
16161
30976
24363
25156
9563
28510
11828
22279
14524
6781
20044
7836
17827
14099
25571
31748
12831
17862
5276
18345
22786
18924
23295
17473
6967
26005
17007
15093
6997
30411
8027
8899
22387
6680
6072
22305
5439
13897
4014
8675
21578
30066
20113
7262
15014
20274
28692
11214
12211
2104
30137
7413
6454
19206
3212
8965
28331
15861
23313
15808
5853
14970
27515
19166
17331
2471
1566
18095
16461
18933
4135
1
25935
25152
17035
17220
10109
9747
19773
16620
29833
3878
15012
13079
21032
12325
10060
1648
29547
17587
8668
2643
14413
687
18248
27698
19337
4278
28487
567
21166
17897
32008
10538
25716
5872
10272
14742
14673
21567
20936
22567
19016
7575
14917
9559
20994
11984
10919
4169
25631
27095
26294
20725
3790
16883
31530
19846
15003
27724
15386
28416
15497
31149
1975
10534
20065
15753
8506
14747
24905
9788
14363
25159
32408
27284
28548
8956
10985
12432
31237
13914
32623
4455
7561
22000
28040
7884
13193
2467
24724
19825
31103
1620
12807
26826
17822
24509
9149
29715
29632
4508
21646
7316
7840
9236
25379
8484
31049
28496
13063
21228
23758
17001
2049
4973
24124
29066
27554
29637
205
3922
4378
22829
22622
21881
11088
19143
12323
183
26929
19607
2458
9185
3143
27598
1981
13910
19854
24655
6780
24985
1156
26476
32362
21055
17536
15344
25783
4108
25668
20323
22366
8537
9173
10377
11679
32184
25739
2860
9392
5083
10084
19739
28848
26290
17821
31859
23004
1492
6020
15133
14853
25888
32136
29592
28226
22436
32658
19193
4322
12734
30360
29744
4004
22144
29807
18572
29227
13401
24032
18818
25772
29938
27391
28586
23274
25687
440
27402
24420
21335
7851
14487
25292
31021
16442
12537
8124
6240
2015
29839
26277
27367
1475
22707
26120
6545
25229
14911
17128
17060
23416
22863
5503
21444
17577
8777
7728
15127
1471
2075
18109
13223
17579
21444
17338
12552
12994
3350
27201
11834
12304
24762
3560
25552
14576
10100
31472
10578
20954
29352
24767
1505
25979
16926
16528
13337
18699
18178
13418
7484
23259
22575
8782
3980
28461
31661
12213
13304
32585
10615
2362
1787
20173
11138
21139
22722
31557
16124
21189
6285
10747
23249
12440
28503
18449
16244
21321
28089
4300
13276
15232
20748
20019
5069
26753
9166
2009
4952
7590
15686
5111
23461
7181
25707
16061
25840
9358
6659
31722
12754
22000
19976
22171
20418
15196
1103
4960
16603
7953
11372
14485
13024
30042
12496
28912
10109
29629
308
31830
29135
10358
7227
8947
11559
9764
23634
24201
4363
6081
3035
11784
18046
20695
1164
18272
8834
11761
24081
7059
27098
22864
28665
24846
532
18400
10959
6201
13255
619
3207
15949
25114
3851
13341
8806
23429
3813
22648
4313
10204
25620
9876
18631
30601
29668
19168
28658
6168
22849
10725
30928
4602
7023
3113
11998
21378
15611
16723
23863
3380
14065
32399
17253
9023
13391
31796
19575
22600
8634
5797
15443
5481
25968
30325
18254
29562
21374
974
18426
27023
12851
10515
1855
17601
25300
10436
19118
19762
657
2722
7441
15435
6072
25620
1351
26696
7977
32714
8015
18679
3594
10400
19362
14780
7099
7109
26822
7385
26636
26140
19232
17388
20910
12514
26378
16825
4328
16786
24869
2346
27275
12549
30960
32148
3880
7646
410
22588
31360
24101
23829
1818
26428
29746
11628
26845
10975
19149
12374
2607
3576
31891
30987
18489
29852
10908
31830
31850
27411
9818
8940
5492
27346
29380
22012
16792
27561
24756
14855
3620
5438
19086
3058
8250
9402
13091
21594
27346
23234
19413
25895
1538
1449
9723
21860
2942
31716
4999
28494
7259
6846
31462
17578
29720
7501
8743
23900
11486
24484
13664
13366
6407
25162
3149
30222
21982
8683
29499
14099
31653
5966
31524
4705
3805
29575
5404
26578
5825
27758
31979
11287
32020
11599
14076
32520
6940
16355
9590
31801
6127
383
30888
31182
31725
30860
32426
10640
7566
7735
5697
20544
19294
28777
18692
1835
22341
24570
20669
15358
26380
28450
3090
25308
11805
5168
9829
3758
29834
13438
30456
25530
3921
19364
23381
6264
11743
4844
4333
30880
8402
15622
20991
7816
32259
6653
14779
22189
17860
14186
13224
24975
28006
20712
31299
1987
29439
9415
26857
13379
24169
261
9462
2312
21390
7289
25135
8667
6627
4178
18013
31080
15667
1472
12347
9364
11166
27633
26002
22544
29921
19007
27811
27694
3800
680
5317
21236
17217
6270
29263
13424
10946
20319
20920
9546
22830
13928
26109
11168
7940
29606
13891
1549
1080
25549
3774
26891
24630
25133
30929
9852
13093
19681
32375
29571
9320
6474
15585
16536
19051
3260
2657
22492
8092
28022
13190
13737
18615
16344
5001
20334
4167
25552
3047
15546
15210
9878
8016
30358
7124
7321
13248
8472
790
22457
16364
4917
31520
19894
26591
4311
26629
744
19685
27439
30463
19761
5288
31565
32435
17201
27545
10990
13494
11192
1681
32661
23631
385
26552
23517
21119
24349
27303
27405
6974
26413
23497
27373
21512
31956
7943
18392
12184
24684
10660
16147
24308
1144
21349
31581
2985
11994
17142
24519
18264
14919
31113
29894
5233
3063
16832
11143
27711
4513
1485
27522
26149
23462
20696
7762
25639
10125
32672
11716
26795
28335
25702
10286
31105
19763
25095
32514
13346
21821
17000
5026
30517
8803
19478
1654
17752
16737
23342
31805
17692
16397
379
19872
593
31117
29151
21773
21637
29383
15092
20162
3783
23321
5362
32552
23729
1354
18132
4963
28837
27841
26294
28711
26454
6901
31106
25293
1162
293
13771
26790
11551
6729
28153
143
16972
26952
26023
15045
16938
10091
5705
31483
20851
14098
10002
8362
4745
11942
7189
2473
28090
4046
170
8957
11970
32486
4371
31730
7057
3757
10079
3947
26703
29757
28559
14198
11422
14145
9976
32547
15903
12898
27368
18071
5175
30722
23180
27996
6419
28461
4113
30459
3049
15564
13578
24013
22657
19740
13842
2062
2037
4447
22962
4915
11957
17874
16005
27005
31693
21470
1177
21967
19819
9362
9753
2493
28315
30545
17193
18917
25174
4296
25874
13442
24507
22051
31903
22078
25500
10369
8135
328
31548
5285
19083
6823
11351
10990
10018
20942
7779
5001
8532
30320
26902
13029
18724
24725
11304
29287
18609
7918
21594
352
29022
24421
12727
8764
9265
17913
17178
22524
6521
9673
23280
2022
19380
20590
319
25466
2479
28558
14056
11945
29679
7342
32297
13890
26960
11080
19557
2733
9964
22814
18728
21211
7998
22733
32358
19325
19592
27301
24067
18036
625
30648
16536
16009
755
25393
16757
21343
23156
1512
7138
16805
18227
2099
28075
11152
12262
3582
731
17801
28066
26910
3783
15139
27898
17890
30286
24655
27243
1515
3936
723
19960
15678
31165
28664
27153
1432
29951
643
8633
7170
22491
19687
14824
31908
3236
13241
23086
28894
14096
3172
154
17301
26431
5150
27866
4043
32249
21275
18083
23923
9784
16384
852
131
2022
14234
20182
28234
6119
7376
31686
32004
10586
13526
16086
16812
9244
5028
14704
17
1166
11431
6045
24876
2201
23478
17702
25521
11759
31303
32249
15076
26003
21731
15821
4014
8347
5335
21257
22512
6709
29229
6370
14359
744
16858
7364
8945
28956
13369
13044
11199
15069
22456
15987
16011
7388
13266
12325
12987
21174
4157
306
27623
1145
15460
11437
31976
11621
27415
27764
305
24559
30337
15703
8291
2828
8283
28284
28699
9387
8800
16385
10254
23939
8961
21732
23641
16912
25177
31776
12818
27864
13155
5401
16931
11763
5483
4922
7768
19402
450
25821
11446
16671
16822
16747
19727
7246
24769
8900
31955
25554
3841
28129
27945
9226
2024
3768
16190
2621
20789
2911
23261
12509
26147
21109
4929
264
8928
18622
3623
19796
1088
23053
8487
2508
4019
4455
6467
17718
30581
31845
8385
18328
20228
24026
14134
31226
25559
29622
28644
31596
3661
21546
27205
1867
3812
9741
14568
4289
19371
14463
10876
14219
506
15820
10539
31231
16480
11667
9257
18509
15581
4647
14220
23813
23377
17717
1630
32473
30773
24487
31472
4005
19337
24777
24946
3244
30733
20650
4289
25636
6836
25030
5504
17398
28246
21985
4970
17855
22437
10806
20710
7194
28002
20177
8412
9505
20689
27962
7880
1585
27242
595
28941
13550
24273
20355
1419
4487
20488
26388
31859
30268
16100
22490
13658
24605
8381
15382
12941
5396
32106
12185
18085
27429
10604
28973
16475
5365
28778
13104
2205
6025
17374
24450
26337
19793
16909
21154
24505
6757
10556
21011
24999
13838
2849
16901
13363
11656
21656
24113
23868
1030
32151
31237
28812
5111
30052
3073
32175
5512
7941
2145
4100
28266
29177
20220
29972
11989
4901
12396
15651
24525
31249
20079
10757
1700
30292
23437
51
448
10573
32251
28190
8862
18452
22976
32195
10519
14768
1558
17536
994
25995
29203
17702
31323
17955
31880
14415
9090
5121
17194
12018
20039
7407
27887
17204
16133
7014
29627
19329
26188
8774
12604
17372
29923
28873
13074
24947
28941
17082
6708
1143
12556
28898
2447
31786
24292
30148
26608
20794
26977
10890
31011
2637
1627
20542
4701
7901
10809
14653
28119
3142
6324
9961
25020
16669
29406
12191
32325
21188
26210
16617
22306
12603
25101
4596
31773
19769
29581
6724
25850
25724
12921
24742
21665
26717
23698
13926
30591
12967
1865
12995
16681
31913
2689
672
19778
19594
2197
24700
18336
19677
14237
18596
8106
17013
20461
15783
2820
5243
17375
12555
7023
6845
9427
25662
27626
9801
22899
21967
10525
30779
2364
3806
30968
6867
24890
25810
1432
20683
5650
842
12138
3815
18246
21077
10898
13261
10165
3301
2958
29207
3937
7041
1814
8359
23157
1851
26951
25914
14727
6370
2049
27968
22298
30840
13454
10476
30311
24806
28804
15495
28509
15343
27116
7177
11238
14947
675
1258
2668
15509
26369
18998
18844
7950
30649
9952
24937
16259
2816
2648
27988
19973
18674
4959
3051
15992
10033
11547
22416
28230
18383
614
23676
21077
16238
15212
12292
16694
1701
14709
3354
11679
6822
17663
6678
25883
4382
25104
15287
9984
9053
16074
6500
10145
29879
28736
14008
21446
6186
29064
17982
26713
6465
6418
6521
12898
3127
30775
21032
2870
26976
22805
14535
25834
14277
20123
23641
31502
19214
2784
24421
31640
6310
28601
5695
15391
26649
3466
23176
20298
25281
1116
14328
3719
18081
31536
22107
27648
16529
8595
17626
8395
12700
28531
2684
2912
25510
5937
8173
21073
29009
24055
13949
7989
25890
20044
28779
1509
21472
30950
28260
27628
30269
14271
22087
1080
1465
10091
14123
13078
24770
19112
28323
28253
14880
3127
29505
28136
22416
4842
10328
16458
9135
7167
7942
6078
5914
20396
26738
25437
15572
17403
23891
2196
21992
8664
32434
20692
24655
8296
21488
24459
1299
19101
27146
17492
12725
17160
22556
32106
24781
31214
27940
32355
22000
2461
27401
3867
20694
11520
29404
5870
31676
1138
1629
10282
6408
7376
17089
24515
13356
27858
14514
27977
22988
15515
1432
22296
6947
11150
4631
20175
24739
18532
6616
10755
20443
28539
24717
21300
18590
25457
14383
18175
15714
21490
15498
29078
27366
18126
26620
110
13080
5967
25978
31799
7989
32713
17363
16145
19762
24946
28217
6909
19547
15988
3581
17553
11578
6721
14746
22001
18618
13351
5365
32250
652
20516
18147
12224
2762
507
26604
26171
25306
11911
20047
20541
10646
14160
23365
30887
29353
1116
11658
16093
11580
24648
23834
13175
24019
23191
9272
11578
12145
9289
6581
10822
8195
6831
24687
20880
19451
29823
28696
10387
7484
17700
23353
20803
24886
19031
13942
25667
2642
14323
1299
15191
8336
30213
20151
16412
9582
1315
17008
4855
28429
32000
2808
7755
16015
22845
14391
27119
5571
2177
25096
17119
4100
29131
26688
2865
16990
25607
29677
17995
26355
9184
7643
13652
22429
3030
24157
6120
7125
29328
10825
25872
3540
19315
24901
4209
23287
13683
28993
12227
25448
27689
21317
5253
15611
20262
17773
11759
23894
29576
26162
18217
12117
29643
5354
30138
6061
29153
15250
19523
11471
32644
26060
9581
9743
24779
18724
6944
17925
23803
8855
32246
17459
4512
3414
24815
31209
31709
14023
3430
22118
11265
5069
29507
24128
22362
31561
26995
14854
15438
18913
21141
6179
3239
29440
31222
26117
21039
8989
15552
9343
381
22337
21358
23404
12046
3523
20355
28822
6808
29782
8572
26070
1178
14151
15107
17020
568
22015
8549
11248
17222
8399
1094
29082
32419
17389
11412
4096
30920
953
22457
28462
22688
3653
21269
24667
16027
1557
27563
7881
20990
10787
1562
22509
14461
16166
29392
32464
11275
7700
21114
28341
8945
3046
7870
8444
15901
16027
11053
31302
29117
13183
12915
29402
7181
15021
17361
7752
32365
23507
9422
22092
19639
30773
31529
3316
18127
19957
21265
2565
4220
16529
21912
6044
15222
2733
17254
25105
14272
15635
1962
3872
7735
12024
30551
20555
2412
17281
4236
29818
28847
10373
20051
15589
14700
29333
25743
31027
29371
14905
30768
12003
28466
7805
10153
20460
12541
20652
30628
17568
23601
3420
30708
19670
9054
9898
13515
31816
25188
967
18477
22074
23431
14772
8100
19549
19141
8521
18998
9458
17254
3708
25236
3122
3030
3296
27028
21742
27568
17772
9441
11379
8219
29054
22001
17840
27225
32543
23864
16283
27805
19081
7580
19152
18717
4327
13352
21115
14185
91
22532
11385
1019
2373
30373
5306
11791
21699
24641
30698
6069
1140
6278
20816
31780
8066
8075
8182
8273
20703
18183
14090
29120
23246
26561
28036
1946
25510
2887
28937
14849
32722
24035
16399
17312
7453
31947
3907
8582
13101
29848
7719
9524
23884
1017
16128
27892
16751
30377
5615
13933
26736
11422
21342
16245
27551
8580
28061
10534
7033
2153
7629
4404
951
20410
9214
21885
28811
8558
5780
13794
22822
13185
16623
18518
21373
31908
21835
29492
30029
8499
30180
25046
18012
11367
22878
10083
10243
27085
3685
1000
21993
29430
8849
32683
25617
17776
12428
20668
24087
29942
6518
16076
27574
19940
28040
31042
7822
31726
18424
5004
19748
2320
8733
7091
7979
18632
25044
32563
12034
900
10018
12809
25725
30294
7451
19469
27880
31471
20994
4226
29769
27595
23217
5100
998
6313
17723
29729
10759
24382
7889
22179
20221
15402
4322
8493
23395
26667
22918
8332
5028
21905
8989
4528
19646
8690
32563
16643
24133
20510
2216
13306
30122
24149
28941
4329
11965
3256
32080
14619
5489
