3830 2553
23286
23695
4885
8069
1122
10417
11966
16536
26682
15928
26687
28183
30969
19075
26888
22268
26566
16364
2204
10515
20041
10317
25854
6051
10941
195
24421
13648
25158
689
20791
9536
15749
32264
3381
26493
4970
10438
243
17562
5706
1981
2700
7322
30514
21654
22163
7437
21370
1301
23117
8828
8349
22431
15901
18695
2632
2297
19519
28749
30384
5970
14265
13964
9513
13956
20367
12041
6901
22935
29239
22451
21081
30086
21836
4611
24566
24902
30087
8998
599
30469
17130
32606
20423
23216
23870
25766
30309
2487
29888
2197
17018
6164
8984
23940
24329
16010
20618
13043
1192
7722
31088
13609
2703
23836
26600
4123
3567
156
13770
14735
9093
10307
10973
9857
18286
3720
19274
28614
32573
29318
10832
10735
25163
20224
21818
29808
31822
674
27278
1026
15917
19849
12680
11333
28947
18438
17862
11434
24515
13983
11077
17552
10795
24407
24204
21165
30523
17456
13607
944
30967
26349
8791
21540
30411
31260
13320
27032
21023
9044
23555
1789
14636
12988
22885
8271
31758
29644
22096
20856
14362
31576
3552
15473
19825
5834
3681
4778
21205
16559
27583
19884
31676
15989
30269
23293
9379
19314
18794
16195
31141
29993
18258
29869
27468
3273
21489
2191
26023
20983
25837
15436
32157
15053
14724
11641
2176
32035
20162
18751
20966
15629
25592
3841
25524
1188
9067
26175
5243
26890
17225
3003
20488
168
13025
23002
20022
3770
10258
28748
11271
2062
8452
32495
6899
21768
11799
14321
6784
29930
6169
11574
28691
26194
14012
7417
20742
30981
2887
29109
29434
27882
29579
31046
30319
602
2329
5963
24466
24471
178
30416
4437
28569
7679
32554
32453
7697
3970
4129
1689
5288
18125
18773
11526
23943
8434
24794
10203
3869
29498
19750
28873
25884
20506
17965
20994
27333
6242
25034
8455
6758
11448
20321
7098
5665
21317
30403
7099
24046
9646
32337
5105
9955
6982
31845
3175
14260
898
22509
4186
28278
1197
7257
17040
21416
29404
17592
3051
24179
4901
16925
6205
20017
7948
16712
5470
15661
7230
29570
26748
20649
23682
24265
19891
10790
14828
31021
5597
32223
25427
4986
30380
29335
19718
22295
8438
11924
6587
23342
4431
13804
4040
5389
20189
32255
28310
10189
3176
23109
14418
22321
24497
9802
17381
8656
773
20726
11047
18039
21777
11538
26959
14537
2808
11016
15791
18728
18595
24554
9886
985
4953
32182
2229
2914
21135
8409
22078
29239
21249
5873
19177
22422
1
727
4033
19376
18191
477
23391
16137
22955
13908
25181
289
16743
23378
11278
4692
31296
17842
8044
19711
1838
30299
23634
10724
13562
8646
13548
9168
32592
20666
23403
32379
19477
32346
6141
29871
28922
22370
6908
4524
14162
32430
16229
14796
21025
31484
20877
9827
31349
12786
11791
22761
9721
5219
19721
18779
3015
24526
3464
21470
27518
6439
21824
10662
19092
9434
22657
18710
7150
8206
7782
16680
1454
24358
5456
17424
14669
13710
19346
19740
4585
27316
8302
24031
27872
84
321
5774
28829
11769
1786
11690
13746
13761
2000
2783
1575
30304
28981
2349
10002
24167
32261
9285
24680
9415
7428
5430
14099
27280
7047
8776
3397
10751
26737
9768
7435
5816
865
4678
293
21328
27690
28796
16405
8206
9860
10224
3446
26355
9729
2363
13711
18679
13890
26059
26408
4246
13162
13957
20380
11659
9939
5551
15664
7644
7168
4110
15267
26646
16851
4427
24327
2778
11264
28572
12495
1432
18626
23200
29480
24219
24269
12682
11917
19014
10115
1153
15765
22429
22890
17735
19216
17927
14046
27417
30291
26705
29955
3543
4560
14583
3838
15461
12266
927
22885
4689
29191
18407
27123
20662
19942
14688
10113
32352
15667
218
5681
21296
2904
8931
13293
29378
13719
12170
30992
14926
4437
8041
20834
9676
11449
482
8522
4188
7542
24744
11071
21476
12773
31873
27008
3067
14423
18251
12293
6
20649
16189
10933
30880
31769
3952
3033
1088
24407
6558
32465
28437
27360
19753
13061
29237
23943
28511
4895
24055
21844
14588
31864
17309
25234
27888
2767
25143
20772
19555
19521
23236
7192
3063
29045
28569
16255
11853
19992
21255
23675
26570
15753
18744
25497
28571
16341
8538
14689
25078
25317
18943
2348
6051
19446
1220
14902
5820
30026
32049
15092
177
29725
18145
5800
8590
23259
1763
2354
1153
2960
19551
1321
12695
3744
23677
24618
30918
16824
30082
6512
28208
29444
19773
28325
31654
15523
20129
13048
11115
13400
23219
7280
4155
17282
4263
31616
28300
15182
24901
4315
2836
31019
29074
30089
17035
12158
4269
18747
20146
9879
17655
6876
23700
2532
13430
16232
22540
5477
27772
2817
4231
14176
19587
8256
6923
31318
6236
18889
5497
19253
30089
4642
12047
28623
22503
3525
6704
16779
8592
2931
19304
91
31231
7884
10667
20974
8309
14621
5085
16678
15772
17529
24472
20940
30826
29963
13609
31875
21065
17578
27867
9978
3701
19630
20857
27750
10405
29186
27662
18992
7917
6011
15599
1258
4835
19048
1531
22920
1537
7531
2594
20173
13642
9607
26148
15107
22576
19833
26267
20975
18102
29516
32572
20228
19154
1064
18266
4055
8469
2667
8107
13011
27789
25082
25935
3630
8683
1754
22030
4891
11745
12794
2530
28994
23246
14419
9653
3693
14749
24627
11115
9860
4586
8406
2851
10171
7527
55
22970
7946
4735
805
20625
18654
16953
25497
31377
6670
19806
327
12908
21776
13534
16499
22053
32621
18800
19206
21458
19314
15993
26593
29601
18984
25647
23665
793
31111
19710
3204
17826
743
25131
19547
20040
15799
11191
6400
9916
19057
20358
10970
26523
22989
3008
5758
9715
29750
12408
28616
23044
21882
23691
9003
9027
12485
459
31045
3493
28880
29789
30902
15385
18518
2400
6707
7254
9928
2255
726
2008
25921
30377
14520
30245
16316
30543
1474
9301
28293
21293
31936
21969
29677
23964
21687
4699
29250
17159
3705
1359
7678
589
6262
25128
8255
5479
25813
29253
32119
3403
9668
12270
21605
9488
9228
4754
2372
4178
25576
28754
12610
2264
3095
6340
21043
24436
17200
3312
19079
5163
30518
30879
30073
14742
17260
20694
24458
10120
26730
15261
7982
16626
2673
9476
9669
20739
10748
9576
7372
17299
2711
7411
9045
15553
31732
10338
32692
21467
14652
21259
6524
30079
21155
10782
20394
12544
21823
5419
32543
29963
9498
6116
19796
32651
15750
24869
2889
1225
19376
19249
17598
20952
22392
12607
20390
28208
28288
15925
28633
153
1411
6323
25353
31563
1001
4179
26871
21331
11672
12335
7142
18232
24332
23204
11600
30943
20394
21078
23257
24236
20049
21620
12161
20458
11315
10302
25885
12397
18915
18372
31240
32629
31406
1520
20246
19926
12847
21958
25033
24406
12318
5867
30408
31575
7785
2916
18572
12470
21894
23201
3677
4338
15111
17850
28541
9873
28271
28920
13987
10943
14404
26263
22954
15929
28517
14026
10635
10601
18590
22784
16009
26578
17530
12902
29867
687
12120
26029
3183
32471
26561
20493
17341
25060
24313
22410
31514
4756
2004
28278
15134
6256
10187
28727
11816
32427
15951
15178
25168
24140
30302
11400
26525
21392
22099
24488
7801
25225
8706
22790
19041
3852
8964
31906
15585
11210
19280
30316
11456
9405
26123
30655
3448
18630
19106
28203
31464
22164
17941
6007
3405
20679
11926
5862
10607
23893
21842
28602
8472
13357
19087
2295
14282
24859
10231
7785
24497
23788
21811
17128
17111
16850
31420
22491
27799
7946
5870
7675
10068
12219
26975
17242
25195
31010
10350
4771
13413
5100
13599
10147
19826
9443
16678
19720
28179
18637
6977
26473
13846
30609
5579
4487
24519
8860
15247
19923
15205
4739
18138
28976
32467
18410
3796
11001
15760
25508
24335
20038
7401
23068
28001
16491
6253
30195
25071
12482
27298
28138
9611
32171
28150
4611
27200
27344
2552
21475
8746
3246
200
11899
22667
3409
12492
12519
8476
11870
7845
12438
4513
11351
23394
26284
31168
26395
6899
31908
19731
29612
3808
19514
29564
31541
22843
22152
29625
2892
11219
13935
11320
15220
26538
4664
3628
19430
20649
20603
3808
8593
10643
5184
17227
17247
19512
17509
23014
15546
4587
8768
26298
2383
8245
13188
13757
28177
28107
873
5982
25473
5054
32519
23391
29997
16114
28931
28131
14967
21969
24686
19144
19608
9792
22250
15158
24037
12242
21007
4472
22096
24124
25613
22283
6449
18442
18322
8437
22599
17808
27374
32344
6137
29730
13941
13639
18658
31112
4644
16856
6797
7084
28296
19323
27517
150
21724
1162
31345
10906
17010
10273
15590
1232
21332
2607
32476
5061
42
28109
12253
7792
29534
5583
316
25448
14719
17305
14747
11860
20707
6197
25007
24994
23697
2978
11848
18556
32349
28270
19339
17655
7253
10631
28034
11918
5468
12366
18904
29904
10517
22765
24285
23125
5891
3818
11216
23542
14574
5117
15966
6205
7304
17183
14694
19227
24656
2532
14591
12761
22455
3082
14268
27473
14977
9554
22831
10334
25455
15758
15787
16529
25115
8956
17230
32550
25635
24274
22591
15414
14729
14362
16949
5678
30810
22720
32569
24447
910
18666
9132
5271
31024
13447
22923
28177
19391
12075
25842
25384
2771
27162
20959
12402
7939
4259
12089
14027
32007
16047
31505
18062
5146
17817
9255
11020
31650
13120
17584
2614
9235
20315
31318
27805
3857
781
32641
413
21205
24250
27093
29652
27857
12824
12796
25049
10135
27273
26789
20267
6135
11176
15564
8552
30055
22049
14140
32192
20905
28871
20307
6824
29607
10208
15622
22995
22946
22211
11300
15966
9867
20390
13535
4939
32433
21937
15752
22064
6045
32087
10650
14896
32570
26341
31226
22315
24122
1883
17021
22834
14772
29564
6315
17470
30738
24865
24515
8225
11562
21202
5631
8380
29099
8599
1816
7795
18875
22796
2061
29406
24286
6580
8225
3521
4378
30095
17186
22079
9049
31471
241
11338
1806
24967
20031
7774
2843
3525
19093
10095
29171
24162
10135
2336
13051
30775
5513
5685
27447
1106
22802
331
16674
5193
28224
966
16349
8398
23757
28940
28044
22148
8609
2545
8446
9489
20887
9329
23180
17525
22916
31653
9283
9370
32630
15344
15685
31531
2361
8058
5228
25514
11296
11999
22065
17853
10753
31272
4556
30153
16258
24058
14749
17346
18323
10509
715
27714
14396
13792
26667
8152
23705
19627
21603
5282
28707
24982
14159
22046
32560
808
2723
18237
12478
3330
2514
2745
23916
29389
8495
17833
6089
14193
22610
28755
2513
25735
15294
10561
19381
5650
2497
16023
6107
28265
9883
24995
38
1656
7138
14518
2167
11816
10020
17202
19060
4380
7119
17381
1672
5022
7246
9621
17962
31705
28277
3548
29539
15176
28447
4663
2442
27758
26901
17241
17235
22728
21298
709
27144
6912
14789
22171
10773
12643
22327
12210
4298
5269
8174
21992
5981
9859
17776
28342
24366
3482
29900
21000
847
20535
21558
8523
9028
17502
1009
21703
2823
10158
9842
13103
7248
29588
13250
26486
23826
16832
7204
10469
20297
21717
32248
10603
30195
6501
29407
15924
11100
13084
14368
30332
11423
27195
13898
5286
32362
3400
11291
7560
3841
6916
161
29194
14726
18590
159
9967
3703
14374
2866
3826
1400
29508
29108
11029
31827
32298
3809
30006
10045
5831
22840
14563
22107
29758
29860
28271
13444
6806
1884
19525
25417
5811
22024
637
6194
13957
27429
21677
8011
4479
19882
1538
26335
30027
2796
19343
30852
2748
6079
14564
855
18180
19678
23267
23433
32039
653
29903
4891
9135
3964
5030
4069
8866
12015
27569
17117
15793
4636
13401
25750
28338
8404
30268
23303
17488
11622
32640
11406
6401
8129
29287
9269
13881
23512
8740
2867
14302
26443
12782
7094
17403
4675
10834
4319
27320
10141
30925
30734
17034
26700
3482
10081
5287
22008
3017
32119
11709
4331
16273
20090
9955
19758
20199
8796
15056
8943
22607
10336
31562
15910
29683
989
31458
12665
19186
22079
16095
28764
14586
10830
3448
13436
11289
9395
27718
21086
14032
7607
25336
16707
2154
2127
22089
23120
16267
19030
3887
4843
19212
27161
16981
13928
19718
13592
11212
25317
13357
17419
4862
19826
32608
36
19171
4470
24446
3476
631
3918
11130
16208
31083
7734
23218
30741
27930
5485
31100
7337
20928
28820
19458
31589
11238
4951
4945
19696
7713
28752
10412
12877
32508
5928
25382
21528
2867
28160
31600
1804
2082
6671
25071
6601
27260
23436
15121
12244
21824
24782
30178
19936
1257
21682
12506
31564
31462
11325
24825
7404
32073
30594
28439
27916
16067
14790
16245
13490
17104
3299
22423
10788
21039
5098
5718
6314
5013
268
12849
13717
7330
12987
29156
18048
3860
11276
21308
31958
5691
27744
5161
10901
22701
27203
21013
13393
12858
13716
13172
25723
18978
1255
20380
995
22918
12839
18647
23420
13853
27264
19639
863
29992
5499
28330
8979
15016
14187
4302
1804
2254
21257
20231
12145
9139
3675
8270
15395
23881
7898
8780
23034
23954
16595
17191
5458
15119
15886
15772
13766
30588
18350
6990
1851
13498
10072
12637
13345
13837
2967
19259
5365
391
29567
30651
6410
13764
32145
11371
11402
26584
7647
13092
16311
7558
32625
5599
21367
14259
5350
31946
12048
24857
7262
12956
9008
21824
6808
17189
32304
5034
4440
26665
5529
21326
29964
14446
2280
19017
9646
19732
8590
7631
28396
20773
29755
3687
21383
12141
10076
13400
10233
21132
739
24670
16474
11081
11590
29858
13700
28969
14794
18921
1398
20801
27649
29964
4854
32584
21649
168
18555
23792
11064
28438
25161
11126
2573
6302
9182
31608
28169
14823
31885
20232
8389
18098
24425
8702
28549
21704
21092
19602
21366
13105
30904
29738
28468
423
7302
32368
1423
23627
31677
15016
19855
28566
23614
13633
18358
2193
11070
27049
30852
30025
11243
18022
11329
18813
31058
14179
10230
23451
24448
10887
27581
3563
20455
17036
27194
14345
29956
11279
22890
17560
10559
18659
155
22325
21779
9643
10172
3754
30830
28072
3031
14180
25435
20687
31964
552
25054
4127
2208
4865
24351
9265
22309
31869
17355
12817
7196
31512
5048
16972
16808
1273
3784
28234
12389
476
22799
30686
22697
16208
28216
32540
24842
29986
25636
19051
7712
28185
16597
21723
14220
10467
26507
5816
7736
1360
24876
15455
14305
20926
1001
16208
25555
19669
15903
5509
15604
28532
2171
27394
15620
4842
17250
6574
9507
18282
912
21345
20372
28345
4607
12862
20160
28458
8970
9027
32126
4812
2258
24350
25745
26338
25825
25922
6514
12179
7437
11579
31313
17379
6047
574
27478
26082
693
15621
31020
27427
10981
20442
1216
18800
9507
22769
23622
23484
20453
12026
25982
29529
28549
7159
15669
2412
27110
14923
28686
9373
25946
10260
12418
18195
20163
1211
11814
30879
2809
27850
29228
16695
22380
26621
25901
10151
7691
32155
25126
2179
16484
25350
31424
22880
7692
30865
20692
11331
23105
2195
10542
1882
9422
31930
7057
25834
2607
32161
1020
28553
3830
12452
6444
20109
6765
2035
19554
5828
29821
22757
22118
13158
23246
11407
5580
23367
28976
32406
8822
26193
4410
24129
14938
5938
15664
9682
27525
11602
14890
15383
8032
21256
5491
5180
27443
15373
6448
24547
18919
2097
29762
10102
8976
15948
6509
15548
17195
29560
6585
15275
10531
29309
32280
3454
19739
30605
25674
8711
17511
21554
25342
21317
26331
3972
31034
10041
22857
22175
3324
25590
8517
20820
15650
10744
9771
12063
2695
2230
17252
89
7279
16762
20452
12207
9253
11377
16119
12243
9186
29694
15934
12657
7409
6740
29940
30053
26897
32068
18550
3883
17179
19539
18947
11159
17124
9488
12736
12230
20581
18853
2815
17492
21017
9643
30144
8399
6823
5443
8568
11116
22977
8802
25874
16633
5196
11372
6196
14611
26561
11781
4547
31385
7379
5412
28585
13409
19794
24936
3030
3625
8527
31920
17028
26064
26497
486
28096
27846
3303
26139
14886
14785
14255
14297
14572
8881
2391
26804
21282
29431
19474
21795
567
20945
3949
32398
29120
27929
30770
11176
28277
15408
18316
25343
18044
28469
23917
29650
32491
24186
14893
290
648
3640
17268
17163
11731
6785
20569
29269
23622
8055
16587
4679
23259
29116
9264
3259
25551
15145
13133
21624
1957
20419
8550
443
10095
20202
2214
7447
25673
25812
30145
3199
10278
16442
22231
22178
11215
4177
20892
12407
7720
7932
17590
2328
20661
23360
30822
2003
3422
26616
17003
12414
31087
714
8483
8716
10723
22361
4596
9054
19682
4796
9962
29275
3208
19248
8097
2371
3816
4105
2406
20032
14161
13807
10905
24895
3280
13126
15701
31741
27125
8430
15700
6245
23002
13101
19724
20761
18018
16105
30238
12367
23487
7963
18673
24798
17719
3712
8090
30104
10023
18834
2048
15067
31304
3254
6461
18019
11313
17079
14407
14690
10525
30579
4047
26835
13039
25300
16233
24587
10611
8194
1518
29073
10215
25815
27422
18991
7098
19860
11402
14921
14483
4306
29106
10606
28053
12219
2922
26669
16354
30329
17026
21546
11869
24815
31141
625
693
14247
9858
25609
13215
30988
26154
6349
15458
25306
12473
25719
3481
12242
28729
31230
31540
23986
32451
4386
19393
3940
20455
31300
19690
24438
18767
9340
4414
14026
3742
18918
15156
31631
17566
13884
31084
11375
3995
23466
6201
15370
20746
10717
19549
16548
26735
23390
6931
19482
31613
11550
851
27
2430
13394
19537
12948
19957
18048
7495
13932
13954
10202
17012
7282
28679
29644
17252
148
20233
29649
11891
14161
5977
22666
15757
28529
26355
2321
14391
7155
18470
31883
14035
14919
12021
20988
11039
18621
26046
6752
20992
318
11545
2295
29310
11322
4867
32224
3599
8161
17724
7913
26136
16278
25325
29350
31409
4000
4494
12736
26281
12579
22791
17040
15561
23119
2837
4844
19037
7896
14832
17473
25329
7334
555
24034
6489
24781
11227
31136
2548
6335
26363
7835
6705
25537
9999
15960
20817
22683
25096
2067
11887
5012
13928
1622
8126
24733
15526
15050
32531
21965
2004
11342
14243
29197
6527
6982
30989
5141
19671
20533
7067
23959
32015
14479
6596
22201
27399
17864
17142
26057
9769
17073
2963
28460
31889
4868
7738
12696
13936
4413
4679
12932
8370
32428
27549
20188
10974
14793
18339
17400
7230
11975
23436
17615
9281
13932
10204
28520
18973
22303
1319
13970
32696
7235
28188
5077
23497
30659
10947
5544
16186
25070
16643
7652
27090
11142
20071
25721
16912
13843
12066
4704
21594
1661
5712
2257
19799
26074
31614
10421
29593
1157
365
11870
25727
21360
14867
30070
6233
1979
27619
14645
29134
31877
15438
9431
23675
26370
25482
18510
16093
4301
19858
17716
17265
3200
19566
18435
15641
6275
16308
8584
10946
9249
21839
5269
7748
10977
18303
11255
2697
23059
15393
11431
15602
13481
10545
30789
1526
10568
25229
29633
21773
20127
13563
18012
19404
14840
12910
1231
3153
9228
4997
7369
18145
20508
21077
5279
19152
26941
25192
29503
7841
18932
10757
25703
25455
25090
8370
27924
1932
11905
14072
17468
3175
30768
27494
9151
25523
19468
12505
9628
10181
25120
2554
352
13118
26269
32263
15845
23531
22829
19159
11064
21737
30341
30744
14555
31757
24633
12252
31789
5762
30421
84
31526
16564
6697
27354
3911
5485
17380
25653
29905
20542
12389
10777
23094
28449
2509
4590
973
5980
18777
13522
22473
16809
17135
7393
26220
29075
3830
22452
17016
31779
18027
4647
15847
8636
17713
8544
24283
32580
26281
7437
8408
6788
28803
28396
22065
3538
8148
31633
15808
5869
3176
18532
8410
3368
22105
17129
3458
715
20960
3396
221
5558
9580
29692
5607
13127
3569
28927
3171
21374
15747
24550
15384
28511
2083
18299
18490
13976
21209
23672
10023
18532
30979
8594
21076
29615
7148
18614
12934
17019
4256
14739
7237
21634
24575
24920
28813
19741
3345
12223
13768
22628
5529
25930
15609
2967
24813
5836
10042
9405
4356
2604
24424
28042
27089
20582
23581
17798
17103
16594
15838
5996
14046
14761
7574
15824
1613
18885
8003
6917
24376
10152
7408
26686
20
6592
32227
32755
26760
13290
3607
10119
3198
3636
27117
7207
15739
22759
21022
26357
15915
29125
31732
15462
13377
24207
12730
27368
27774
20682
22385
7369
9486
5827
10180
29012
21019
7633
15678
12605
4253
27098
15291
8767
15215
9752
11804
15875
22184
13085
27711
20548
17704
22037
7471
16433
31857
27980
10647
2322
10937
19952
12925
9775
829
12055
24620
30189
9431
17923
7538
22587
20179
30629
4876
3116
22527
17249
30559
4325
7169
19217
1641
3514
21229
7244
13814
1428
1815
7912
31255
22934
7462
19645
11728
24320
8810
5804
29713
3155
21872
6881
9447
438
7379
4180
6900
28824
24660
2966
29981
9879
30765
202
8322
16288
9891
9969
16051
17240
20443
8300
15393
12731
25582
3259
10962
17155
12095
26507
13657
24268
1293
22768
15878
3701
30788
23279
32346
28361
5785
22591
15037
25823
22997
10320
24179
6718
17265
3213
5069
1093
22116
4831
11420
31435
25401
370
28395
8706
23140
12219
6638
11169
6358
28858
14133
13122
25295
29308
3109
14856
244
14053
16297
1414
13217
2476
2085
26076
28800
6055
30124
10019
7771
2889
11378
12812
17198
21097
9092
8131
22657
28996
15286
17690
14836
1734
17117
30947
25116
26117
14143
6557
27021
26895
24392
5716
31800
24805
2431
32450
14584
18119
2232
24250
12135
4786
16522
26823
28662
23336
22019
13328
25149
8751
22683
4478
21903
29596
30567
15393
32722
14481
5775
26832
24205
25669
22786
30992
11843
24067
29288
21816
27648
19574
21849
12754
5425
9763
4556
17475
6584
11063
30674
10927
13376
11395
21124
2839
7374
17349
20281
11716
18841
24873
25853
5865
12828
21007
20543
25476
18537
9487
30410
28037
7360
3898
18423
31538
24416
13987
27936
32202
13469
1567
24151
9064
3891
28232
12120
16427
1242
14280
10429
21140
20763
19156
369
10031
31329
4086
19559
24438
19795
19984
28300
24562
8801
10654
12538
27043
8605
10555
17262
25250
30925
25447
17148
4613
14270
14727
6401
21251
18139
17453
18010
857
11261
21658
28371
12523
4485
12161
14562
19119
17321
25870
21910
22727
6155
27175
17610
32749
29584
22258
10654
21524
25199
28311
17192
15948
30344
21575
23910
31207
24568
4477
20087
27866
29674
20867
21515
24422
5551
30265
25881
22263
13842
27154
19408
6220
23781
21343
7119
5336
28896
3280
22680
18280
12716
1847
24642
17415
6202
30864
28271
32542
4441
31807
19326
4064
18056
2200
31746
29157
26888
23972
1138
2581
13110
20770
5410
29384
5144
7117
12913
21292
14646
3037
11588
17894
27307
16592
32692
4860
28027
21610
25092
16626
24615
5371
11222
16691
17791
13536
21918
15283
12728
4940
11862
15827
19902
585
6516
20613
9419
11769
26905
14768
28729
2338
10379
27862
21909
25321
27365
28404
19188
2526
29197
12713
5514
8249
16871
10651
5752
1379
29640
9239
23014
30905
24110
8183
7250
22924
25774
11721
14887
10348
1069
6957
15762
11686
28499
28031
32401
26891
20285
28598
2381
12019
31858
22412
16041
5762
17433
17888
25371
7466
3433
9816
4027
9073
29536
12874
14745
9973
9912
6877
17236
23981
11287
7787
19688
5745
19078
3370
13768
701
15908
268
1325
19890
795
19683
11437
9309
19668
26313
22799
4924
32103
20927
17758
23806
12630
19092
17468
11915
13178
15369
29561
21572
27965
15922
19940
21644
9994
9503
3937
4999
11522
25276
7996
25633
11249
16374
29885
10835
23168
12575
10749
29346
17068
18836
12535
8936
16246
4765
24290
10326
732
18836
16831
18106
14345
18762
29742
27902
5577
8870
25477
13041
30015
10383
15395
25675
16602
29452
28674
15595
20357
7594
2956
14946
30
17695
19632
9909
10538
2092
12340
16479
12487
4040
26957
9110
24801
25210
30573
22735
19369
1799
20060
11396
21571
14925
17546
13365
12223
15471
15268
9389
29259
31026
14181
23942
31911
4007
22191
19951
24025
32011
25306
5805
32033
28395
26956
3424
8239
139
4937
1288
