3830 2553
23303
11901
28669
30081
19927
30051
27528
1899
10936
17956
25947
28403
10591
3502
6777
10654
29584
10186
11358
29834
11582
22185
2624
8356
18420
22720
32660
30490
9587
4311
3028
16916
19869
29788
26496
19871
15249
13308
23139
29929
1560
21109
18199
4020
26432
7589
4043
21509
26438
15847
14404
28
11961
20384
26914
24745
17373
15125
14437
1853
14158
16000
23343
17663
997
24162
9419
15776
9695
12314
30447
9873
11580
12983
1854
1651
20326
10763
7697
2255
15379
12288
12919
14855
14700
28720
1915
16268
19311
16815
11941
24658
27282
4907
5059
29057
3497
23864
30184
31598
2825
3813
29110
10953
5358
10387
217
25112
21786
30983
4820
32611
27583
12477
8960
10801
21919
16255
28625
15796
32114
12343
14172
9025
31880
30466
7446
12547
20143
25989
7391
24815
32087
14724
12095
29690
1524
31152
751
21898
32676
5313
28571
21291
17426
30405
1510
31876
8090
2232
24751
16265
19630
20052
7058
5362
15992
5674
4786
20715
32448
28658
20406
27661
8977
23840
18450
22669
7447
28600
20616
14259
27212
19298
27118
910
26324
15553
19249
231
18340
23297
19610
3443
32746
26543
6224
7756
5545
24782
17439
674
10660
31015
14455
16046
13950
27360
2232
4840
19231
22608
8364
890
17498
12050
27477
29684
18892
16728
22250
11073
4615
2434
23068
21466
12784
19440
24221
19513
31589
2836
13539
23441
12067
459
29994
7868
1511
6125
29112
16757
21716
1314
7780
22471
20757
5624
4441
27589
14019
18227
280
4988
22281
11109
25532
8998
20870
20158
4994
20385
31986
3364
7304
21791
17157
3718
6101
30238
29588
23918
14234
26267
21246
19414
26807
30594
26566
6717
11649
5738
19329
5370
5571
30079
755
7119
30723
28607
8565
18369
20486
32106
15257
8999
26262
19635
27921
10242
9858
21180
30157
30860
17127
26817
12900
1556
4782
18836
29621
6664
17750
841
31182
30036
21747
12594
5645
31210
22903
4622
14468
4770
8497
20093
27810
19781
12947
951
2320
23268
6968
26238
5850
27247
12326
4689
13263
4483
9040
22755
29738
14210
4703
9675
1906
14057
29361
19069
9374
10462
32418
18041
381
3849
2059
24514
22869
20389
21513
8082
18123
14295
25600
1868
29954
30782
20447
4530
27655
20427
5541
21592
31853
22739
548
21848
3636
11362
5892
26952
22256
20435
4620
11625
15142
8349
31133
29217
24314
12912
21119
10668
10759
21377
25313
12046
17039
11042
9882
31052
17364
9877
22709
3803
13253
10274
13869
19801
31709
11367
24053
22907
26953
23024
29243
19271
30793
12039
24302
27267
28376
16845
27006
3949
2703
18058
28131
31660
17863
20546
27872
16263
30718
32649
20361
32597
21884
5015
1027
11572
4661
4511
22411
2814
11250
30301
12729
2169
8108
9711
5382
20942
3640
3557
2189
8765
5162
11675
20238
12046
22771
30919
3896
16075
6476
18510
20776
16556
12504
19804
29997
30803
26372
15027
1998
4537
819
6211
5902
12649
27672
29947
27886
21740
22114
27360
21300
6020
18079
10588
17515
12061
27226
31192
11819
13696
3207
29325
10394
4554
10530
19350
18227
5660
25618
2634
26310
9621
26451
30410
7360
30333
27732
4054
11181
17603
29854
28901
8443
2218
30135
24180
1
1471
31814
27806
7744
17934
2679
29677
5352
21909
13729
18544
27550
20985
18215
26381
24700
8824
25756
3353
29017
27679
810
28198
2635
5693
10804
31772
32107
29463
18746
30092
10200
24797
9469
11840
26623
30429
8164
17943
18713
4855
24991
16912
2036
23377
8714
15268
21751
2124
6996
6745
30561
2742
26464
2964
13777
25153
19563
11438
10251
14387
15600
6987
22009
4704
3784
24551
18416
12885
11670
26290
27701
29911
19554
31390
30144
17804
23172
30390
6207
31479
16324
8625
17758
11946
9151
26567
20294
26038
17549
26307
5219
7527
8352
90
6251
4142
30703
26299
11932
18143
26708
22375
6469
18972
10547
30787
17031
2065
10845
2795
29277
16995
6708
27210
9690
6242
5903
1640
27570
390
4064
21122
27132
19481
6164
22880
28982
29745
12986
27619
16522
26337
22760
7646
24399
1456
16218
1318
12243
32330
8029
28397
8024
19062
1771
32587
5980
27720
29720
28446
5150
15000
16301
23572
1117
20915
6930
24326
22115
31823
9585
23688
22082
10437
23576
17342
16734
15994
27167
12145
13099
26526
6987
7521
20280
8986
30259
12253
19565
12995
16801
11666
17809
14804
31035
13217
29454
8091
30051
19956
12793
2674
19035
27089
31821
1777
8877
22191
13943
12130
6346
18761
30232
26485
21489
5362
9734
54
27730
3880
11156
22587
23156
20843
28947
19490
30164
19792
31128
2875
18127
26321
25088
9345
12225
2279
29490
24527
12655
26715
10660
14160
20130
26840
22049
1336
21269
22598
15305
14769
401
29779
20313
11544
27991
28242
31660
25194
702
24905
3970
19961
797
28229
14465
29796
30699
29425
12153
30149
24869
3687
31212
22828
8944
26694
25806
11341
30336
28165
7305
19317
25144
31367
1604
26051
32019
7151
15973
4500
322
27573
24660
1343
29207
11514
31618
18435
22817
9496
22955
28477
24217
25214
31320
15326
16636
26043
26535
11293
28666
24792
18510
21865
20111
235
21214
6818
24688
30185
1605
4744
26280
11452
19351
12916
12163
28565
25870
4422
7595
24708
20047
22174
10897
582
29166
10831
26638
17246
22581
14352
17739
16231
13089
7029
6878
10920
27566
18462
16949
7145
5204
16943
15416
10373
25810
15103
11050
1729
9002
26133
9168
10844
7661
6736
6614
3943
7096
4965
27502
10071
25599
26511
20538
7257
17673
1409
12140
24293
15164
20128
8492
12694
7579
8559
7994
10041
29581
26698
10452
18212
22496
88
24026
19401
3341
3259
21808
12170
9918
2569
12900
31695
27789
13824
16016
3670
23055
8053
2178
18635
24593
29326
20507
24217
19233
21809
16629
13567
29521
26556
16456
2406
6455
15863
21007
20978
5176
25671
22886
3159
13831
17700
14391
28398
1896
716
4629
12296
16954
6457
13928
22402
11444
23633
30155
20121
14831
9822
26290
8704
5028
19133
23888
10800
28984
8410
6840
3584
24565
15196
30530
21365
24731
8092
3120
29403
32279
4444
8337
8212
16786
18102
23910
15921
10157
6226
3332
12607
31499
476
27065
611
14353
1717
16306
2602
24041
20201
26140
5402
20685
4194
21386
13965
12674
6235
20887
15807
20002
2327
5068
293
4127
8146
13764
29696
2949
5880
25741
14899
4991
30869
14162
11857
30749
29964
31543
3579
20820
4621
30341
16489
31559
17857
26375
27462
10180
21063
16308
18881
10514
30052
27021
31201
23018
16502
3017
13336
18115
11434
7984
8476
31827
16239
20677
16882
8018
21291
30631
7755
12673
22572
8761
11540
10219
8673
32385
11081
13930
5194
8654
21770
29806
17837
29598
13552
16122
26763
16318
32161
31727
4562
13235
8610
8845
12116
19289
7533
11575
17016
28874
10180
22646
13103
21377
15428
21313
20266
15040
13373
17532
18763
22318
25025
18878
19801
22469
24827
21335
31735
17899
5058
402
25303
27871
31598
26423
17707
20567
25835
21844
18524
30312
6924
5181
22783
2213
4897
11730
23557
4235
18379
11520
49
21277
13839
30347
17360
4043
12458
7946
676
9880
32164
25139
8225
27004
29224
8024
8668
7431
147
32562
20032
27720
27851
9950
9090
21485
6866
7205
15064
18603
11163
16128
27622
7393
23580
31835
17529
27000
23204
7706
10360
32269
1647
23642
11800
7250
19832
5113
2638
689
7310
18008
8586
2611
5546
18015
4258
23457
128
14018
16908
32745
10580
15747
25425
20418
8719
4281
20158
1683
6546
16527
15709
31889
15690
25231
21796
19496
22788
545
26475
26269
10499
31310
29604
23537
4688
7370
16966
23048
13650
18994
11274
9995
3742
24466
24922
6922
6672
7466
17926
23782
11291
27250
13626
26222
30045
7003
16813
5064
25719
6872
17946
16915
23067
7837
23028
16714
25447
18470
32342
7531
28273
22268
5945
729
11555
20532
1257
16895
6729
16184
29114
13879
21736
29642
10230
5098
17873
24901
1051
25080
17271
806
22339
8794
10238
27340
19940
28166
3476
23164
11961
2066
9476
4520
1536
11293
23176
11889
4326
7147
15583
18538
32064
12367
23200
10399
20859
29006
2510
17110
4310
31105
19884
21524
28622
10427
20179
19043
11482
27116
6529
22995
24921
4165
5684
25279
24265
3997
28792
3409
27705
5140
24573
15944
30721
15606
2028
18681
4528
32482
24699
660
16454
28971
24256
6825
2212
2686
20162
23787
14400
4293
5078
16435
18461
16460
17193
26312
27643
28194
19609
29661
8651
10691
9673
23131
21861
8691
11124
2273
27773
20717
11521
5897
20179
13245
22104
22510
16043
4331
27637
30187
5501
4697
3386
31653
14573
13934
28938
28235
23549
23668
20627
23836
24706
28735
29803
2602
27861
30992
6111
4190
2506
4025
5768
10941
23782
1
6175
233
21196
6473
11921
7403
19961
29296
6742
28207
11697
9461
10495
32208
16697
17243
25103
14359
31559
3794
30220
28478
31159
12307
9174
31609
13695
30604
2103
7223
28389
26813
3002
32420
10736
5346
25281
3443
20252
2258
21458
28124
17489
21031
14386
19936
4630
24479
27317
26580
26883
16578
6356
24349
7028
2245
10752
23097
24453
22703
12598
32255
27962
21690
7380
11815
19709
2300
6315
14092
27214
326
22101
17585
16054
6221
12232
19202
10492
16903
22572
17245
17564
21848
3818
25425
21877
6382
2310
12454
7106
5994
1198
5789
9291
32448
15123
24696
26845
3808
9335
15677
21751
23446
17031
12472
710
26030
25836
5567
17491
20317
7197
5562
19708
12252
20087
14690
3873
19030
9103
30408
8735
11268
14791
24729
17538
30103
23071
23201
20086
21462
7758
30607
10367
27528
15634
25592
6762
15508
28868
670
1668
16487
11311
7665
25865
18326
4514
21206
5087
23236
24644
6312
20100
8903
19368
2684
25158
7174
29089
21930
29362
6437
25176
29065
25166
22757
28315
1145
13195
13125
12408
6695
30197
8686
523
3852
5037
10189
22164
21815
4889
23554
10700
30285
8410
7161
31098
30414
30206
10454
32065
32409
28279
13335
4284
27315
25548
8052
973
11332
8207
29706
17713
6370
32015
21689
7000
4114
974
28619
24436
6668
8246
13270
28369
25535
15623
19427
18020
15381
23572
9935
31910
30328
32431
3570
3491
22165
29282
3839
11597
26976
21984
15659
5143
28504
27194
3474
31167
15372
1110
21206
12907
11998
12958
7177
8696
10503
27381
31437
31119
9435
21743
29881
29561
21070
1089
9215
308
23736
14198
19276
8134
15829
28388
24816
18001
16912
28639
21823
8936
8705
2092
6199
6561
21812
9656
8803
14827
556
5770
1278
7714
12199
1271
17756
26977
6948
1045
1926
22424
22691
16498
19493
5086
8108
10501
17825
18696
27026
9316
2185
8314
17657
9784
6966
9021
662
14574
10411
12626
7990
20400
23232
838
3842
29844
8064
27143
19969
10003
24015
16630
23006
32444
23888
17981
30956
26153
25989
19811
29287
563
22584
30
7165
6498
19226
8552
24716
4007
25771
1748
9262
19022
89
15395
10611
4142
24044
1298
23533
14883
24609
12663
9202
18366
7829
30604
10141
11322
20197
18571
7446
26546
18708
21371
4627
16530
11053
10825
19615
12620
24617
15642
10523
24140
3602
8160
6530
10285
12137
20011
10737
11821
23494
24899
11878
21726
958
27763
32199
9503
9225
29607
24103
5963
13284
12346
1606
7856
21173
6153
22614
2371
30958
23244
14853
1937
12339
18854
11703
28921
5823
23802
4371
6169
12804
19585
9410
17286
21649
28057
16755
7872
6969
19424
24099
14181
17778
12290
19355
23204
27899
2255
18746
26357
24770
27281
22260
26119
9988
6300
26779
762
27318
19750
24157
12495
22564
13145
26255
5405
11480
18343
11433
2821
32445
4702
31121
21095
32388
28796
10524
16214
14663
24260
6354
32202
7532
31505
29681
15765
18125
12267
181
23193
22037
15960
21207
21815
22381
6644
1875
12043
31833
19268
28015
32726
11484
19528
16633
22203
13283
4943
22992
15279
2785
16399
29862
25899
2230
7925
30979
30243
30677
30394
24717
22588
22438
21559
9096
1594
19753
18554
20121
23223
1757
19737
9679
14107
6112
17094
30947
5832
3671
15908
3263
25237
18704
5850
15934
6270
20582
27877
16947
7066
13925
6194
9900
16461
16943
13932
31096
26814
27294
19219
14310
17803
25643
9678
27600
3772
17935
770
6616
18678
2728
6819
25842
27377
28445
4426
2851
30508
30277
32648
8072
24032
4805
891
9625
15154
15481
4254
29103
17836
29974
29157
29380
238
13
12810
18810
2209
20914
24097
20575
1965
31133
22131
31088
12204
3152
8585
9436
17566
20507
30087
21770
4318
12605
27580
25564
21845
16716
4726
7478
2541
17879
20763
25274
584
6729
21109
15574
19123
26896
26958
32001
20821
32767
9021
21825
12204
17393
32191
2289
10299
1968
29065
6849
11388
18965
18461
7166
32540
8048
28572
276
18023
18985
16603
8017
8962
18088
27576
14315
7896
20083
32175
13381
2134
5782
13992
30574
3547
19784
8211
26858
11626
6859
6711
7350
19619
10644
21447
15494
3313
31148
24503
5713
12292
854
23885
29711
8322
27890
26235
8386
29433
22561
14444
16051
29465
2602
19037
21246
4384
29597
18094
10832
17301
23350
6713
31472
12601
12291
3554
26620
14139
18121
7791
18934
8107
1701
1691
24703
7217
18671
12133
20833
22783
28771
31406
6355
15364
31619
7171
20217
9314
5687
29624
26283
15907
28343
8246
18807
15911
20906
14741
29929
6753
20880
27502
32009
4676
32093
24810
6182
7031
27238
14111
6098
1744
5505
27037
29486
29056
24424
27971
18024
22155
10335
27992
27521
21628
20247
24279
4180
31574
5841
24073
28116
14029
14534
2649
1173
10422
9415
21605
654
1981
13601
29265
13853
22102
22979
28256
12875
1526
32419
965
2130
23170
12637
15798
14940
8712
18973
3267
19342
5293
7104
18022
4421
28902
28470
17115
10655
10219
20011
3377
15166
11881
24806
22946
25160
17783
25457
13856
28338
20428
30202
10544
22463
1839
19577
13051
2243
9774
403
25762
27437
23059
4286
467
20932
4372
15271
24730
10545
30922
24273
31609
4542
16613
31102
27066
18013
30237
27858
12804
29932
2412
13878
11053
27575
22394
10491
24399
16447
17497
27455
9502
21306
16242
14869
25464
21978
17343
14560
13118
13394
10299
20480
21347
2455
21655
24241
9026
99
11823
17455
5941
17792
20796
1055
23395
28483
27211
2602
6361
32343
17390
20715
4317
23483
23729
28683
638
30734
6479
21930
3696
28683
26406
12033
3351
23120
25321
17478
2786
8803
22421
19408
24282
5366
10662
30844
3963
362
650
18255
31170
5267
20566
20573
28295
20667
28088
7913
14861
18153
1580
21709
18904
30051
2675
7453
25790
28529
18754
12807
10561
12900
55
31229
17948
19415
30992
23
8476
13621
1823
19378
24625
2171
30969
23390
2245
29247
21103
18167
10572
1266
25279
19729
16669
20834
2827
20377
23168
26754
18697
954
2824
10862
23037
22782
20003
1706
2532
23478
28143
4522
754
5787
28239
5016
12607
14261
11839
29777
3774
31868
13156
10417
27502
10558
21479
1296
1492
4032
12932
6412
1960
26920
16606
30857
15055
1818
15382
5623
2697
8226
22427
4564
9452
15186
2628
9073
20625
32556
12700
32504
19085
26562
32637
23726
16546
10267
26080
1398
15287
15065
29939
2199
3718
26137
24428
32446
7317
13979
6429
32327
3431
13859
17353
9400
16371
24862
24119
22926
4693
8073
27012
11837
20932
17679
30909
32626
26308
23665
24238
15259
4508
16939
28148
29353
19211
21077
32602
4884
7479
11719
12898
30752
2278
23168
7201
11616
19184
17225
22608
2936
5621
23189
12449
4646
5195
25772
20047
9092
17978
11528
10745
1159
4204
11007
11696
18124
3743
22947
15695
32660
32413
18151
6410
28685
22382
7683
20042
723
24780
12569
10937
17078
24279
17944
26008
11966
9738
10977
29529
3948
11118
21672
14186
12611
25869
3741
2127
10375
3754
31692
14835
581
9903
28738
8768
1683
14183
25970
19437
28697
16493
3543
19351
15568
21605
19418
27412
31754
16105
4085
7940
15795
18118
25113
31400
1750
24681
6733
5624
28514
25748
3225
6639
19759
8022
11298
26410
4156
19257
27030
2737
13371
19645
20682
29973
27471
16901
10658
10171
26132
15057
8242
19575
23776
11436
14370
27484
15944
30567
3927
13011
9958
3525
13263
1515
1626
5752
4301
17648
5519
6476
14135
1087
576
3235
1340
9560
29626
22305
28985
1589
19683
6568
31710
15067
20347
21895
3469
1326
1186
17134
17154
32521
3738
27558
27961
10894
18383
24062
18572
23739
21268
3081
12061
13886
304
11014
19059
7819
12185
10016
2152
29995
1151
32600
22338
27991
11276
7615
27936
18373
31467
32744
7832
24258
6663
17309
2206
14465
8085
27601
4519
5043
14676
29142
1551
8791
19475
30416
21432
26324
11381
10602
10485
26437
21745
13255
31398
11028
15644
17852
13732
14026
13867
3900
8031
31269
28851
16147
10693
25708
4020
22999
15974
4863
27862
32028
17622
20018
29170
25320
26707
18523
11220
14695
24744
21290
31296
8927
16977
32569
306
29157
6624
23012
16234
30162
22176
15707
28200
27505
18551
26357
3637
26106
13585
18376
17954
17476
18490
17270
30164
1590
25484
20809
9025
5759
4427
13187
9332
23686
7821
14575
10967
10916
8350
15548
5041
23698
27042
22667
8686
14877
12412
31943
1311
29217
28655
25397
20929
16820
16643
4044
20162
7074
13483
21446
15425
25626
28836
1783
30614
5286
5024
27486
8338
23648
9380
28410
9223
4196
4527
16350
20363
129
412
26248
21114
1076
32073
23151
20538
21462
13305
17627
26563
532
24311
26105
21598
10656
2173
20527
2988
8998
14803
28077
31979
22402
21691
1093
21877
560
7181
11132
28297
30723
12191
26849
18510
17946
32615
26269
13845
15633
31204
30796
8159
15476
31161
25099
32031
21113
13980
5586
27841
1006
15726
23301
3690
20592
13227
5189
258
18142
27141
6028
10864
15885
588
19577
11428
1469
11409
1256
11227
9164
16267
17350
18974
29098
12346
26148
31756
11789
11465
25225
6874
22246
24249
4749
22424
24467
6204
15011
29622
5974
28895
17463
25286
21510
5484
24057
14723
13572
20239
30328
3603
4721
1463
17650
11657
27806
16831
21610
19118
28612
28878
17660
2561
24566
29180
14190
3836
339
11574
5895
28313
20608
14819
13732
11029
8022
22727
28168
7412
27095
17704
16500
27973
30567
8496
7543
1319
7225
403
21256
5772
12039
23666
20434
8765
1798
24446
12495
7967
5657
29024
19736
9908
29508
25177
13308
19172
26980
4133
20815
30974
24094
294
11268
3578
9494
15038
29439
1
4961
22269
19492
16687
26428
7548
6580
16279
22526
9096
10713
9863
25163
14211
1151
17678
9355
7048
19302
15804
24474
21326
24693
25513
28609
2383
18002
26808
20966
20265
28463
16669
2303
15684
28135
24605
30669
13749
15689
12821
710
20066
4531
30654
3667
9831
26852
26287
11579
10937
19467
13092
4959
3593
30755
26365
8361
30700
24707
10762
6207
12088
16305
24453
22524
17329
10872
15584
9248
31461
22842
15810
23366
1108
7047
6476
9879
14548
10733
7328
31294
26932
18962
3748
31259
32
30977
259
5820
31556
4034
12917
30345
32693
5677
26177
32574
3468
14335
21760
5023
5844
4142
6819
22887
32166
15994
17847
7041
15762
31557
27624
7290
17473
7588
26564
27959
15705
18358
9154
7139
21921
11573
5763
20268
14694
10314
21591
8623
21021
4262
23043
20912
1865
2254
29890
6415
1695
13750
27529
16759
22376
5266
19855
18649
15656
25321
2573
10777
11645
19691
13634
7687
23881
22020
7867
26768
10515
12209
7377
1590
23723
29331
12659
19901
7693
28098
27686
23079
32648
99
11593
20707
32032
12669
11934
22594
26928
31240
29958
21034
3156
30023
3980
12046
31877
27480
18341
27933
28550
27146
9910
6074
3200
24558
29911
23341
233
28081
5335
152
23721
25000
24960
26156
31104
4525
28700
18332
29090
1834
23608
27346
27045
12659
167
1250
12701
4697
16842
27452
390
6396
19727
25893
21730
7904
29112
12648
10658
15171
30430
5192
9802
24750
4789
442
27473
30923
26385
14289
5062
29302
10025
23930
10554
30230
19099
31081
3801
13358
29105
21843
10202
559
24291
8542
15642
14737
10653
27606
26115
3361
3650
16673
30899
18589
32624
2037
17754
11902
23686
28104
8420
26645
29027
30600
729
15321
9073
2701
14977
32256
28643
460
32587
28492
7994
9037
24687
32296
21006
2527
22483
7667
19211
22282
1068
10396
6714
16709
20069
32367
3457
21097
32324
22574
2670
27238
587
32612
13616
23092
28380
24822
2278
11021
30881
11771
17693
26074
28203
32461
21651
28395
29913
11360
4417
18922
3324
21459
2457
23058
8504
14405
11021
29340
9518
30442
30160
19322
1879
16734
7648
11848
31283
4665
15684
28544
22692
4067
31634
2029
10644
4522
20149
25186
1758
31505
14573
12715
27500
24939
10263
25284
11421
12201
23087
32585
8937
15473
27411
5166
17863
1648
28554
28848
16078
2800
16772
20875
14363
27309
24996
19566
27124
20708
4603
4012
11178
20654
3607
18996
3012
11404
1084
20419
13145
15427
13297
19800
6334
25834
21950
8681
17762
22337
12341
12116
13045
2116
32303
14232
976
6144
2648
6725
6801
6822
9198
1585
21765
30686
20677
29549
28236
21597
24719
31095
19511
14778
17754
21937
15349
28797
21850
13842
25071
16506
23017
7196
24816
2909
4044
27662
31881
30085
31928
31834
15028
4374
15892
14681
18615
16201
13569
12606
10059
15367
13208
7241
25086
1975
3954
13629
21974
9044
15726
30227
19255
21186
23214
3312
26374
22882
18147
7509
14095
25828
13259
8597
23972
6748
19960
141
8327
31128
25298
11151
24331
2737
10207
22687
13173
2529
1858
11490
17320
1428
5506
27475
1282
8898
5261
31672
30593
31611
10237
24021
7210
19396
7833
23775
10923
24737
29983
5939
19007
32115
30273
11848
20946
11140
7149
13026
21350
10209
5585
8585
30389
25448
6431
826
26391
18721
23949
1628
22695
16082
27553
9205
26785
5069
8235
9502
23823
21005
2323
7349
1957
9601
32596
10577
20457
19880
8777
4987
10391
19806
6184
7195
29763
19702
14284
3888
7488
25224
32695
28356
25793
13452
32343
18976
11582
10920
3976
5436
17433
8391
4955
5241
28290
20587
533
12434
15768
25668
379
18128
28112
27137
24397
18814
21915
5734
5393
17565
10051
3999
14609
6873
2582
12756
167
3771
20167
509
14264
27679
17169
17144
20863
26089
26781
24792
30348
31732
4902
9857
13324
32075
12763
29042
12362
31388
18437
22497
2166
15593
22761
29965
15270
5249
19184
20432
18202
5167
1541
3955
22468
3249
20799
29383
13575
23659
13248
15729
18624
26461
23773
3974
26755
19283
22399
23384
17447
9307
3272
28047
7556
30076
23034
15227
11643
2469
15765
27560
23095
24804
24512
19635
8883
32216
31210
11869
25468
10089
25009
20702
22713
29366
15107
24188
360
10575
5507
9051
18410
24485
31022
30615
5058
20415
9790
3984
10394
19502
3150
9861
30342
24386
15552
14181
16269
27262
23644
14305
13926
23114
22585
2502
31359
16872
25057
5770
5444
29609
30384
18724
23709
26977
30333
23073
24248
4376
3453
8693
15114
20994
30051
25999
3216
23986
20940
20784
18779
8586
11227
5500
15179
27766
20768
23250
30235
7386
6591
32473
28317
27336
22990
20571
5959
8823
510
15703
9711
25328
13182
10065
26323
13579
19228
20973
16604
3738
10158
8124
20260
5604
12208
4438
13237
14677
23086
15017
1940
28531
16101
8848
3070
13076
29093
16552
241
4046
11513
3423
17646
21168
4106
22605
8702
13103
29633
22728
27635
2147
6956
11442
21488
24180
17187
14742
5419
79
21803
9203
24306
18845
16794
20696
8172
21749
17660
9649
5794
23120
7350
31329
19261
20926
28393
29073
22161
11864
27033
11079
6747
17782
23823
1466
20167
13858
21883
24677
2358
25804
30686
5466
8253
24383
9767
7385
4337
15571
11932
3873
18786
20196
2684
30854
31845
13700
28643
13252
25239
11373
15085
16019
3230
9273
29214
15483
10930
31702
27138
7146
27997
28212
19472
4484
25470
2112
1236
23994
