3830 2553
23322
10855
4782
10621
16278
20843
13435
17104
11701
13835
25060
28668
12352
4476
8858
16379
26652
22433
22342
7142
14539
16767
27177
17675
7733
23537
29439
31041
4009
28317
21034
12664
5151
20262
1804
11924
27584
29860
17845
18556
29352
24401
4030
13165
8426
10372
21620
12181
19412
20196
23610
22237
3189
4821
808
32006
28509
30519
1784
22007
20900
14928
27683
22101
3886
23302
15943
597
26156
32338
12236
7886
13286
18673
23751
30867
28345
349
13598
13823
347
3579
20974
26321
27495
9110
14889
17978
19221
14348
23172
25397
13384
3399
13456
8983
30927
26735
2342
21095
17892
18782
521
14319
15097
13909
7879
24083
23989
28653
26848
1634
3897
8528
13098
31595
26279
24744
26740
13522
5349
5080
11626
419
13726
3435
22969
11493
12682
30153
3187
20595
5616
21681
24500
18951
1385
20195
32646
1688
9702
27677
10242
6118
12276
31049
20152
18515
831
23285
31569
8436
25685
25603
4979
5608
18349
1186
7653
19688
19944
25981
16628
12832
21846
17202
21
20285
17596
7685
31947
6344
29525
4566
16075
9650
21014
27216
18271
1328
14902
18276
29704
9929
1262
26101
29799
2220
20606
24789
22365
8264
5744
32241
29554
12567
30496
23496
11891
1466
24188
4898
26719
16203
26121
8446
3461
12015
6183
11468
5094
28074
30869
32476
26592
9848
30263
15127
3086
18073
10775
13293
28778
2092
1963
27022
17588
2815
25174
2397
18968
28582
27696
417
26635
10442
4618
32126
2166
30404
22701
23845
32534
16746
8035
32327
34
17449
27577
26831
27183
16469
8834
13264
26450
10684
21023
14012
10628
385
29182
23256
17994
21288
15201
8428
30101
2029
32609
12095
14310
1114
7730
31682
10167
17432
936
26252
31255
26630
19706
22662
29332
27272
31687
14952
20061
28194
23126
22500
27304
23109
29986
800
10834
14952
19862
3178
24261
4955
10773
25128
14367
8920
10045
27917
145
15708
28269
31891
9988
15924
13700
22437
23811
15835
27628
17819
19413
643
14552
9068
9449
24306
11977
22815
4472
29583
22615
17283
17765
1469
558
26144
14696
24935
26199
31085
20587
30940
7353
10564
27700
14046
29919
6034
13637
14069
7419
30547
6656
22538
14891
21438
18703
23856
22012
22460
11011
4293
17709
10655
7995
7610
27573
12049
8
4911
518
19786
12814
17987
16276
31111
17134
1578
3729
11703
23330
22144
11515
5495
1832
9180
24281
1856
7138
9897
5570
7647
14909
26673
12702
1574
13841
7675
16049
21730
25672
20311
21717
30989
5187
31031
31750
7748
14457
9280
14884
4987
609
8481
11765
2543
30099
24356
23402
16476
13866
4354
3363
28272
5740
5116
28468
1152
10157
19751
18218
4987
21104
28936
27977
28956
14800
26976
27416
27747
28190
19785
25376
9797
13004
8066
9712
25251
23433
18184
6244
25977
1198
30182
20263
12376
10969
29261
887
13334
26071
30183
17704
19140
19144
5993
3564
3552
14717
29288
6609
23756
6437
365
10507
10111
18473
24139
3828
20859
17236
23728
12881
16638
18487
13051
25303
28285
30412
9549
10222
2126
13913
26339
27828
32421
24983
9635
11589
3009
32276
29684
2362
3175
726
1235
24431
15504
29249
28196
22282
11359
19259
25925
31160
341
5517
10729
17210
22472
3468
4900
18977
22673
13050
29378
26069
22278
16167
17117
30172
2856
18011
20911
11865
15389
2168
24484
3539
28384
13532
25523
24632
27959
9605
27119
29474
14565
21880
16473
24408
16161
5731
26105
2968
24648
18817
28717
19604
8143
8126
23104
17978
4219
9500
29502
29240
20692
6997
24071
28608
11223
26562
22435
136
12779
6267
14293
22294
24086
17600
24563
6714
7025
19607
3060
16860
16089
15287
14795
12535
18664
21413
6900
12518
1059
285
17484
12767
21365
16563
4133
29885
17629
14010
26266
514
15459
32357
24608
4636
19280
29740
30302
19175
1950
32625
14143
30324
30638
8036
11845
5897
26169
16164
30752
31848
12937
5415
13439
15956
28905
4571
18982
16466
28506
8589
12608
8877
29319
17803
14327
17596
16123
18565
30019
15463
17042
4665
24063
26344
29229
24144
12354
30415
12202
23170
10476
9033
19476
28673
14207
23713
31254
15381
9265
10759
17590
31747
23615
5265
24128
28724
22659
17279
23423
31379
21065
11715
12083
31799
14943
1217
31168
13890
9835
15443
292
12809
10369
21520
25899
29813
17653
17870
25574
169
31342
15717
16985
28132
4156
32182
11636
5289
7916
5868
10053
5918
1817
20994
21611
18611
19077
30086
15822
14595
31592
18332
23181
26111
13831
28997
30264
22857
22665
9953
18240
13534
27910
14835
18859
29432
31202
30757
12812
23859
11353
31628
3251
32494
4442
20524
23841
5876
20633
4799
20927
19548
7648
27826
24527
10925
21669
4465
23458
10566
29154
8420
24843
16893
24609
4921
8213
23303
18902
4581
25073
2072
26098
25061
23090
26314
29365
17226
6205
6723
21188
27124
11514
10770
123
29598
22736
18523
19332
32539
21969
17204
5289
18654
4657
9550
31718
28864
28413
18904
13507
19710
22281
26528
29921
28289
16939
22396
12498
14947
30886
6632
6957
15534
10985
24560
6626
6247
12666
6993
9676
14539
2349
23003
18565
10200
24473
28697
11390
11791
17356
14132
29519
8057
20286
25109
17995
31208
23300
11722
21848
14463
5446
28971
14334
116
2803
20413
25789
2837
31155
5078
12964
28937
32286
29698
6431
15065
29227
18342
8721
23215
4075
28387
16930
29533
11383
29117
2907
4256
7975
6781
28144
13478
10500
3923
31580
24271
28800
12096
24499
28593
25957
13875
1332
3678
8460
27763
5662
29417
5839
25916
20678
14886
10432
4269
25061
9906
29852
9442
14646
29491
27898
8797
3137
6625
4808
30634
31601
13638
25336
2114
3437
24129
19575
6833
29861
11089
16991
29172
21291
13584
15981
5669
28869
17406
18357
4186
5952
2944
20884
7626
2311
5673
1767
7729
17908
18231
21882
16758
4709
5473
19908
14475
29843
25296
10961
28054
7199
5739
5759
1870
26606
23127
32237
15271
32311
9150
2609
13745
10970
26576
4425
4797
30708
8712
4948
15043
13488
4017
6147
6144
24160
17576
74
29155
8140
32099
8283
28458
23241
21042
13780
841
28686
12229
3639
19211
14660
14575
29084
7291
26972
30121
9634
19973
18213
29530
7339
30937
30238
14934
9545
14992
16777
15524
11763
14866
7616
8708
28925
29623
21452
5424
7367
4268
2868
30307
19508
19865
9747
5912
25437
13440
9069
25364
9351
11753
31683
6822
4435
11580
11237
558
27701
31854
25096
10972
28199
27359
280
14522
1183
25475
28240
18925
11198
11841
23815
25400
14538
24728
3277
1473
10462
16776
11702
21016
18400
9392
24310
23669
17332
180
31662
5697
32687
17633
10758
28888
15439
12820
24700
7566
26409
15063
21884
3824
10018
11982
3376
8012
30946
13650
31129
115
28550
23387
24799
22717
28053
14499
32229
12622
27190
28680
3873
6552
5792
3890
18347
9249
30673
4471
22163
8326
18563
2555
30840
14017
14172
14620
18262
18343
21861
4365
15520
14004
18621
28096
6543
267
6031
1034
10681
17849
8001
19458
5093
9018
3054
27306
11550
3646
25623
24273
518
1453
31893
30007
2669
18408
26834
18419
15138
27986
15161
19730
27145
3087
10731
14465
14446
18699
27572
13613
30617
31294
24893
14696
15267
15919
24195
31375
4232
11447
10375
17385
1404
1288
31560
13523
643
31981
11246
10778
7228
5460
15176
22185
23037
6153
27768
20324
8741
8900
13293
3667
16558
25446
4754
12547
15362
27008
12613
30249
27664
12565
20619
16009
1950
19105
24706
5398
7137
17497
21783
603
8779
14517
2680
12057
10404
9772
19917
6706
16220
29758
24099
26053
8736
18872
31144
32667
20139
6196
19230
10434
32223
223
19338
8311
13076
30335
27692
30282
21936
16564
7348
18300
2295
17533
435
27564
13861
13823
28496
21682
31930
6018
31804
9676
32022
10685
16616
17912
12613
12627
5877
29088
18460
13725
27884
3964
13957
7338
559
19637
29463
18564
7983
17478
4074
6581
7648
13736
9897
31498
22122
3758
19176
23191
17442
19630
30392
13307
30392
30945
9593
4070
9137
17420
4336
7384
27672
1376
17562
17707
10865
8351
31551
26195
23791
6017
31433
3429
32743
19030
25175
23766
27779
11244
7822
32645
4027
27827
30767
19708
3457
24863
28911
755
9276
10062
25219
14358
25720
20459
5114
27657
4316
3666
14671
22696
14940
13301
4415
26771
27824
31486
5464
30442
32516
25654
28755
15445
23793
11301
11939
3400
23468
7035
23886
19845
28541
13998
2812
15586
21875
4325
24397
332
1367
17941
15472
4620
32734
24681
7922
26697
19746
11496
12243
6350
16211
17234
15583
15118
19882
17738
2875
16741
7071
6330
14399
9889
92
8564
7299
5313
8817
15893
25917
26877
31689
3119
22474
14598
23005
14247
29578
15758
11815
22875
26097
17931
17114
10504
1243
6584
10192
1644
17184
27101
27588
7591
21353
14673
30145
10983
27970
23869
4826
8516
26736
31522
3100
14569
8836
10270
22721
10357
25264
3435
16550
3489
12250
13864
768
18722
19695
27228
21834
20945
20346
15160
20098
17161
1141
9372
4756
10832
5982
26589
21015
22586
12174
966
29239
14475
30663
28124
28914
30108
17420
28902
22920
27392
18869
21677
23852
11110
7618
13057
25600
7617
28016
7676
10816
30119
9482
31627
15805
2807
30978
14889
28558
21695
1344
17134
3586
2909
30394
19657
31449
13796
29509
29962
29107
9921
13226
16675
4808
11166
1021
28079
1498
29830
7722
11955
18792
30282
4817
17700
549
19492
13396
3498
24232
23707
14382
27812
25445
17830
646
15212
13020
21524
20483
6876
9744
2603
12771
20241
18747
31120
4167
2158
4288
29799
9937
15844
23137
22970
12145
31857
3762
287
12156
20455
30413
2453
6911
10479
6728
4016
16978
25677
14692
3830
15856
22374
14215
29320
19589
1535
2541
6405
22345
25927
32410
20395
4237
20504
28563
2239
24723
4218
13901
20783
5283
8809
29542
18807
1115
5080
32403
9665
8519
9717
4826
31056
9394
5039
2817
20766
20411
8565
16966
25028
29099
23105
27984
19611
10373
7638
32614
16417
4063
25670
28639
30622
20977
23222
29657
24071
20204
15717
46
22562
20109
4843
10148
31211
28657
11455
10596
11063
19371
4348
17326
32663
31764
12645
7882
17791
32738
5030
25666
4263
11004
20189
22094
17330
6541
600
31632
23822
22871
10656
13057
2843
15691
29111
17452
19343
3926
29599
16282
6681
5245
30747
17293
29252
5932
10426
30961
10399
27595
21008
23695
24347
9107
6983
10372
6324
24992
22231
29169
12371
1607
20625
20213
14067
9385
15586
6360
32003
30344
11606
7817
19212
16986
11867
23371
3476
26524
29256
1451
30786
1385
11677
2741
25667
28491
2188
18791
28139
25681
18873
8806
5536
15458
7743
12272
26612
32720
8947
14866
28945
7472
4844
15131
32602
12650
16195
2128
31055
5644
13335
29409
19121
10724
11988
29980
11495
1997
18869
16353
20129
8137
136
15446
7867
26192
29362
21979
15972
3560
1650
8257
24191
32502
20842
11830
3145
468
27227
11268
12605
20259
2096
4732
18997
31331
4670
1580
6609
27329
1482
14041
23068
22063
21707
21289
12653
29370
8690
25759
28300
21016
32232
10188
20502
7041
2519
13508
23331
6081
9003
3024
1317
17290
31898
23138
13588
23566
18529
3150
24520
6605
22481
32054
17318
3500
21515
24134
1918
21576
29704
9250
16564
5001
21468
4381
9374
30330
20795
12204
26926
7000
4412
20762
6353
10217
4957
25725
23958
30734
30151
14824
1939
6812
20180
1506
21125
4200
16335
14615
11958
417
9467
78
4388
23907
1750
155
3807
6024
12446
9174
18355
30914
4117
2379
25607
13543
17026
28339
10757
15243
29432
9572
28155
30420
28122
26564
25089
27786
3487
8963
2269
30062
25811
2314
20515
32461
18782
32430
5537
2644
9481
14890
7161
24614
12094
9676
12944
10028
29711
23278
5287
22444
19579
18728
17352
15390
11244
24004
24932
29755
26371
16242
19386
11862
22424
29245
506
2799
509
30654
5035
24198
8067
16272
8010
17837
12864
31748
9268
16225
1551
12053
11206
16794
17111
926
3522
31777
29713
18122
21492
15778
10628
5580
278
12034
5459
5073
16114
22770
19258
15411
14278
10181
1301
9456
7916
24958
4258
17754
11450
16942
19079
5392
4520
12925
19095
5932
9392
19590
9553
9662
20731
8936
26281
4474
1721
32281
10764
27053
13137
1022
29598
118
1210
32185
11974
32562
31784
12227
30188
7992
5100
30778
1921
23239
31893
10108
3136
10812
13660
18164
4788
8584
959
16948
25595
482
3691
9796
5577
5049
8031
27450
32176
23789
20815
31755
27038
1854
11334
28833
16807
2821
30096
11822
30468
29218
14039
25023
25692
18229
16524
2324
835
1297
11145
32175
6913
6765
7668
13867
19604
21981
22374
12751
8184
19969
18508
16995
30373
6652
14478
10306
1882
28200
16751
13489
18201
28937
7861
26223
25458
23679
6921
13454
12805
16191
7072
31616
14659
29315
3867
16501
13940
6145
17324
16101
17662
13338
26747
29800
2788
14421
15944
7886
3725
4619
15185
24684
6599
4452
9846
32436
19979
15490
28059
28425
19971
25339
15182
9681
8265
1421
4009
23499
12146
26125
24698
15778
2891
21409
1186
14787
20322
1839
28347
24684
21192
9237
31486
2566
1302
12571
21603
14261
7342
7589
13577
25133
31299
10030
1497
10951
26012
13041
8551
8916
1940
28649
15896
7473
17766
21756
17290
15900
24871
20340
3888
15685
916
13742
27709
3624
4878
21014
17092
25243
31715
6739
16925
15267
19919
26302
2698
31884
21187
15897
6682
13369
740
2430
206
4280
31191
17557
8187
12569
20796
32266
30959
18817
1144
15422
20183
19834
16824
6717
8161
5261
19507
12529
14749
11539
21423
8341
27817
20808
25926
20075
9101
12961
22890
10930
24804
3936
25383
4819
26813
18021
9384
9179
6464
23879
27901
4397
13973
11427
795
21369
11777
9908
8740
17384
5202
27684
2793
30617
25470
8994
20142
28497
15239
17589
14125
28526
10913
21584
28637
5149
16535
13734
21619
30157
29035
5311
2217
29156
2877
5196
15679
27568
17261
13880
17984
6560
7940
12927
26247
12980
14928
12355
29825
4146
13263
5405
15413
6043
15951
24241
17025
221
7762
14981
19878
19658
5815
20499
22279
32713
2199
28956
18989
29899
19054
9280
13583
23681
31355
15820
19856
15565
20585
31443
28746
1142
12846
21120
31882
1823
4148
29098
12699
30074
19638
5289
29000
9657
12910
13160
2972
16453
15981
13244
30700
9395
16714
5620
7960
6900
7038
20402
6925
9419
6415
18681
3982
900
12396
12166
53
17892
10392
5220
18356
29276
27275
1979
5217
8577
470
9961
3570
7361
4229
20691
2180
21838
14921
29821
26851
18271
19159
11737
7685
7576
7051
9437
21463
10438
31825
25304
17213
32720
9157
4614
17235
23531
27289
23394
32762
1292
22071
22203
31120
25251
13992
16650
12798
1158
23477
27907
11000
14379
9548
8682
6528
32283
29477
23720
29356
29603
14244
10014
13738
1229
12802
31161
5889
31375
5032
23367
28953
14657
5339
13065
7678
17236
15518
265
7777
21570
24532
28845
12768
10177
7078
31117
17543
16700
20260
642
21910
18307
22575
15103
15236
18626
6038
7845
26949
31408
127
22289
6345
19208
14089
28665
32453
21565
559
4471
27573
2666
5360
13476
32290
13447
29356
1641
18976
1507
29394
27794
6684
27598
10168
24868
11476
25494
11466
6129
5287
27830
8167
8809
7183
27465
18952
1459
21356
3781
15139
30461
11267
4325
23887
12816
17478
24807
17192
7719
18774
3832
13685
13569
4550
3053
17416
24629
21922
4403
24038
16582
10159
17673
13480
5367
5109
28396
28449
12384
1915
20563
28481
14914
25938
30109
12089
9752
27860
4936
31200
6766
21806
17251
598
14838
16924
14150
7911
729
30196
12672
11058
14411
25830
23569
21898
2658
3458
20186
23452
28712
14970
23121
31314
26607
4522
27257
5368
4580
5205
5650
22430
22759
29874
11788
22717
7578
25767
24898
32285
6072
16852
18533
10485
25001
17107
28214
27989
25171
2494
10233
22721
2354
16370
21030
3102
4267
7955
17761
11475
15005
2897
6060
28968
15162
8937
32220
19441
17941
26350
24905
31601
29051
24905
32202
32633
25607
27647
7137
15056
113
32178
15154
17367
935
8043
16698
10349
18719
28566
61
10513
10603
22094
10880
12102
9998
20187
1465
828
23950
27257
29380
1196
26314
28763
7575
27396
10894
16112
27000
20676
19557
21093
28014
3624
11182
5227
5365
9991
10738
22842
14581
20475
11125
11734
17653
20162
1547
23441
15500
14820
21037
17617
13593
23446
21068
32531
6068
15327
25701
20016
16229
5625
12758
25823
18323
15610
4464
3708
7871
13236
20429
9736
12658
31705
20964
32368
16755
24675
17882
8210
15678
16178
22044
32637
11186
5623
4778
4472
10
22098
1206
24647
27150
17719
8301
1577
30346
27030
2325
12581
5120
20027
23384
5126
20378
6899
29151
26789
24162
18672
22563
26470
18101
30318
24448
22533
15861
7575
2700
8083
3711
12964
17062
28603
6621
27974
3026
31562
19260
16708
10948
21487
3616
19045
28986
21822
7510
12176
9359
16635
15915
16690
12941
28822
15323
22240
10372
16370
14156
12350
8344
5482
7932
23839
6495
11030
25400
28909
27564
32074
14992
1356
21157
608
2695
20474
14876
4024
18575
20473
18204
4092
26420
22001
20161
28329
9111
27600
12109
23755
18206
24499
16249
21256
12650
30217
18441
29919
16009
1781
15267
14642
23917
2805
8417
31746
27293
23234
25253
23931
9003
9847
31405
4656
17382
26612
10855
2215
10448
21637
13830
2072
211
4543
21973
11378
27055
12715
20939
25503
2103
14887
31584
20489
28861
15240
31136
13405
29643
14980
7038
19599
8980
29008
9322
14366
8873
11269
18214
22937
6768
17480
17109
20322
23507
42
22101
27058
4021
22605
32206
16861
170
26953
11915
22231
21863
5197
1289
21239
20343
4874
6478
24316
25136
716
28028
9806
13798
10986
10918
28806
27486
609
8162
29743
13189
14524
14240
18126
3938
17975
22330
3617
19530
18211
23756
22181
4179
9868
12101
13146
2827
23578
5310
2762
7785
16693
17163
13640
5123
16748
24208
20598
12930
27160
23382
27658
18259
7484
29791
29649
30880
27568
11574
31476
29567
23167
4553
19578
19049
6029
10363
25870
6125
24957
19062
14850
14757
9937
22078
29077
14186
8275
28812
28785
10948
27316
18265
24696
15012
25460
2873
5312
32598
19713
4842
28380
25265
32291
23853
10590
20625
8343
25812
11161
19335
17147
31517
19116
14798
16874
7230
7100
32385
19559
29249
15232
13068
1919
31250
12035
5345
5418
32471
16805
31596
627
24447
1123
27208
24792
21150
21081
5043
3828
7288
32389
24383
29787
27483
3790
18635
13510
20019
10309
11186
7792
31064
4266
20034
22463
19882
26930
16752
4135
21984
1671
26825
14412
11805
2577
16044
1382
2500
8308
10423
17386
19342
2394
28799
15719
25562
19570
13444
13741
26948
16313
25956
17205
8056
17144
9038
1725
24649
21645
4026
1587
6909
25455
26455
11988
24043
621
30789
17045
7753
24758
18565
13506
12863
11166
174
14821
12607
15775
28385
3817
11929
16030
13822
15231
586
6512
32024
21441
5141
27293
13095
32021
23766
19556
15101
14933
4626
9215
4988
17197
12242
21544
20485
27332
21682
30939
30003
22942
9269
4190
3530
7873
9051
13695
3050
23574
17270
20253
19081
4627
3897
22761
17184
20119
11794
10606
19363
17173
12730
22863
28855
1525
25098
12240
16416
823
31504
14488
6008
24666
4450
26294
19239
22396
4274
26849
14735
19906
2211
4868
7815
10490
15323
250
15115
10367
9561
22165
9521
17757
26633
16614
21599
23990
23702
7352
15804
12133
12672
26206
5348
26080
20846
22191
1248
16227
965
20814
30037
3403
31609
2095
12283
5056
18468
30806
31313
3222
23893
9186
30608
20853
9258
11595
26333
28984
19233
14312
4546
13460
18475
12724
32479
22010
16642
27217
15581
28862
19901
6989
22948
27512
18850
17829
22990
25003
9787
2183
17499
20644
29868
21852
5798
2981
6467
9478
13463
15171
23889
4710
10523
27661
21304
32290
19153
28782
16582
8101
6407
6613
961
10087
25828
3346
9411
22126
6886
13828
3144
12053
16528
7793
3590
8972
31324
11317
15997
25248
11767
2719
18126
12604
5293
17176
10960
25392
21026
18693
13665
26802
25412
31983
32506
2594
31101
27361
17031
14739
5677
18450
29813
7558
31319
29636
20492
14584
16027
32620
20223
21664
10084
531
16193
3442
2402
15100
27419
11367
21051
18311
1916
11136
2429
28757
23696
3081
24024
20909
23699
25115
4746
25375
7400
14692
24858
8807
25957
14122
9033
26004
18930
7566
22854
6249
594
5134
24609
26883
29760
22862
27778
10172
9150
16920
7579
24144
32170
10657
15451
25150
12434
14094
31460
26225
1993
7222
18496
20512
31930
12714
3151
21235
29309
5107
24580
6247
20392
9754
5585
30323
27240
7534
9824
31084
31440
31361
21892
17702
1904
4980
9071
4444
42
4980
24101
17745
31553
4997
26417
30392
18611
12414
406
20433
20425
16981
15368
8406
27372
6301
19292
8341
13754
24653
26942
8286
345
5827
2850
14111
25355
11785
1405
10190
4355
18006
28468
1799
376
8408
22868
25591
32759
12208
12037
30840
11517
26431
20921
9341
7109
13472
17833
14513
607
15733
642
21595
12290
19687
15451
23173
15779
4584
14571
16989
11462
4795
1273
18139
26773
31159
7699
14756
23855
8008
25731
32047
6466
30006
27007
27174
11740
14122
28064
9231
16510
1134
9110
8491
883
18164
2841
27038
2143
2970
30754
20945
8475
12204
6748
13333
17088
1962
6357
28041
7938
25420
5626
8765
26560
4804
12226
3223
28888
20803
20521
23542
9280
14526
25056
26262
31827
8946
15683
12980
30824
7078
24971
6898
16297
18480
20037
4604
26147
26682
4355
18796
2073
21446
23377
16363
12190
6768
13546
31385
14435
10227
7724
28080
9677
4591
14026
22628
8010
29418
15553
6157
1766
30356
30605
13959
24089
31567
25500
14297
27875
27886
12803
27414
24347
15549
28784
17025
19461
6850
27999
30452
23586
21571
11409
31363
332
31625
32698
32348
29954
15587
6011
4081
28928
1261
8335
4442
22034
23569
16713
4340
13611
6991
2878
17487
28337
24122
13631
10823
23580
22083
12682
6256
14271
25402
29760
14264
14053
5394
32282
13383
2592
31461
32600
9386
14302
25399
9979
27697
1341
29055
29236
7317
24865
11492
4124
6878
1411
27716
11685
2948
17164
17274
15825
18901
10978
21985
4642
28310
2754
12820
22353
10733
28495
6904
19011
29823
8361
25085
14648
23509
19778
13984
9542
28164
22253
3893
6150
2189
30264
3811
397
3714
10236
3312
12957
18922
6450
8510
18205
31847
1288
23062
5319
25366
14645
32549
29217
12727
13449
1476
27054
18702
5064
6781
11621
11400
16568
25546
24162
31522
6009
25119
31964
28551
30229
4395
5207
11128
27224
11868
30746
21105
29154
18593
9188
14218
122
32115
5339
8859
16549
1814
11973
28835
17015
28
378
4971
3242
44
665
13414
17389
30209
3963
32476
23678
25269
19301
21831
2555
23104
11778
30206
24950
27964
22032
21264
25031
24555
29785
8563
22054
21114
25317
25438
18169
16007
15470
29171
27882
28130
2068
18977
23101
20112
19794
8393
20064
18454
9265
543
26564
30196
5563
84
10220
27503
24755
13682
32196
25747
30339
7303
18995
2169
17526
1541
4851
8390
7463
11113
22433
27252
22074
9755
15632
25557
28233
19861
739
15316
20257
16584
30555
18047
47
7867
23917
6850
23861
12918
31000
15733
9537
5662
13813
32154
30176
4449
7184
26079
1679
14101
1782
26475
14450
1563
21263
8662
20041
4490
29998
27769
24735
29705
12391
1257
25156
4733
24097
1726
18686
29157
31851
4249
11900
9345
30356
14949
32139
4666
23541
16604
32653
8254
30994
2637
24102
31723
1762
26781
27960
3310
25706
15501
20754
21164
3729
24122
21732
12513
18991
28394
1398
28550
13415
30725
25626
29177
11575
31586
17888
26968
20557
22724
13064
1581
28700
11429
23229
27985
18224
3122
28416
29706
21438
17046
31970
26487
4480
29563
5366
