3830 2553
23339
31830
28567
32634
2315
7709
28997
2467
28723
15863
24320
28888
24743
21672
21515
4765
29670
16255
31496
26461
6081
28636
3947
19980
15212
13295
4910
15115
21206
31938
3271
20044
9270
17786
24919
5302
5094
32730
7972
30923
25205
10760
19529
9864
4344
29076
3500
26252
24480
1974
14897
13437
6802
2775
11821
5288
10482
10579
29470
27879
4673
24958
3993
25800
28138
741
4995
4331
28951
21718
13444
28076
3785
1570
3769
27906
24104
18977
23977
7079
15128
18167
16763
8570
21772
14614
25702
8481
8223
28676
5224
15090
23649
2143
9531
14100
10094
1822
11909
6881
19526
14873
31311
11663
17752
460
14264
12304
9440
26711
17898
19510
22387
10698
11086
32539
29912
4512
3324
704
4890
20873
14966
31476
20443
13677
8597
27000
1003
22701
16067
11616
21786
16556
23915
4540
6730
142
15534
12152
17864
19007
27736
9857
18908
4279
30226
29225
11166
8061
9945
23757
14348
19306
3246
22197
3930
8368
31887
13371
31369
12827
13479
5936
16187
28054
28354
1915
26054
6640
30467
32515
9607
25056
6873
27856
27513
4167
1071
29549
12037
25014
21731
26256
2332
3888
5754
19452
16772
30257
21010
25511
18031
494
25751
31512
16978
14815
25402
4116
17396
6523
9247
1657
11462
5443
16214
30058
22898
28929
7181
20396
14518
19282
24068
27472
17523
610
18241
11411
4353
22007
25092
22530
26310
27313
1789
20450
6663
4752
5053
16590
5373
32438
25963
418
18476
15982
27576
10904
29936
12142
26644
10161
1625
17241
11555
19031
27704
16008
29290
7744
11386
21514
4175
1429
7861
17129
14400
24660
1537
22703
32050
17139
32009
32041
16461
70
26722
11115
21989
2722
25371
31764
30381
28739
22933
9428
20775
30443
18068
4395
20319
6860
18071
30835
25817
29864
30053
5408
30920
19255
18921
24903
16512
21449
25663
31837
7726
26156
527
7746
22471
10192
3354
15229
14910
29225
30738
16074
31994
30805
23983
31698
31111
28671
5631
16185
2956
16771
13822
8157
11517
850
11622
30045
8849
17561
30408
6105
19575
27421
3548
19705
28485
10345
8214
1585
2353
18988
11129
21571
1923
27101
32688
13317
28746
16288
21851
6244
21582
7277
28583
21929
7495
20335
31777
20987
3148
31402
9420
7973
31886
6881
2160
24986
15942
18103
3382
10422
7660
26900
16754
7239
27562
31434
16064
9036
5904
32633
17234
26621
13065
18864
30088
23819
30222
19028
1473
10280
2713
28486
8818
5578
17373
21824
29301
31276
2740
20736
2467
9110
5849
5033
2980
16863
18519
28262
28934
26416
13633
31056
8845
1546
16292
8594
24266
4235
18362
25290
7663
7405
20064
12211
26594
13135
7114
19970
20624
10424
15990
10637
3716
11097
30302
25266
24504
25618
24690
7159
12459
20792
30277
19182
14771
16022
13831
4188
1685
32433
1715
23449
7251
18769
11401
23866
12613
25404
25023
3310
11115
29509
26484
18086
22786
10373
8933
17145
5973
5609
6883
28358
23510
26349
27013
26139
21357
20902
30234
5717
3088
27142
2913
19337
23700
14940
7677
11555
32451
17690
22307
28109
4014
21467
14230
12947
27205
14244
26325
30020
4132
24170
658
26139
5296
25045
615
4254
15971
29508
965
18375
21092
18705
4653
7522
15963
28950
16290
26806
5251
11376
8542
8295
3585
14466
1220
2971
1908
10557
28822
3676
11213
14495
18024
5438
16737
12154
6228
25665
19772
19319
1776
19704
184
18010
15229
4075
9551
25224
21089
27963
31406
8390
18904
10372
15114
835
18662
1031
14775
473
21136
30473
20471
5008
14667
9078
3088
29028
26293
20170
22177
30280
19331
25137
565
16490
3002
13805
31001
30649
15139
11257
32107
23973
15864
24044
12148
2597
8676
25119
20024
31231
811
27666
26186
21060
21028
19468
25317
32025
3312
4610
13625
957
16742
22458
1539
18888
27469
30257
9568
3505
718
10809
11491
21139
20264
27750
2021
5937
20902
43
22044
32311
23759
32321
23664
19395
11228
24136
30729
23587
3695
17329
18349
30689
31873
4571
32585
10492
9884
2940
6605
30073
22091
323
23869
8986
13008
21436
25861
26734
15892
19571
9870
12042
7652
4700
9230
19221
1369
15730
16804
19466
21144
19871
28836
19129
13500
2268
9520
22671
28177
1177
18952
29720
1667
24159
9890
9922
598
26548
27518
12260
28951
18751
22708
24830
26834
24876
13007
3907
16773
24786
31197
15956
9429
28051
5831
26703
17920
18692
29407
1800
22035
17486
11704
17046
2141
725
25914
26898
15139
20503
17397
5019
6293
3286
18870
7325
17409
30585
600
19283
26439
21424
7901
22667
13453
13655
9406
12458
12339
29341
10110
5871
22281
357
16517
3580
29888
17388
14636
10642
16031
2220
6933
11676
1655
16769
6845
7791
6617
13835
4180
9808
8582
13651
29388
29750
5415
2737
2352
30674
5951
14829
17975
7885
19805
18084
537
30545
2198
2797
1697
23498
21042
24893
8579
3054
12454
9608
12529
22267
14531
20905
24169
15167
16172
14596
31697
7902
15885
10090
14021
1488
17162
26429
5680
26921
31094
29396
30233
5021
9414
21792
30144
10051
8005
32144
3050
12441
12553
2867
13689
27337
21285
21277
29247
6442
13088
9739
1044
6666
2726
6474
9254
5803
8062
22228
8849
29835
32700
14525
9264
27624
20024
13261
29362
26500
13118
21871
4848
4518
17799
22729
5501
12897
32616
5933
21887
17176
5194
22448
6590
23362
14938
16920
19451
23147
15490
30972
14979
29563
26775
7974
6148
32059
11732
19516
11678
11285
32647
13472
29501
6428
20490
2196
551
14924
14325
20130
5585
12306
7570
15675
3831
3087
28817
22430
11499
29977
19965
20987
28974
19586
8303
216
24893
14493
4226
22453
6829
14463
22918
15083
28026
9475
22137
10458
28829
17169
23347
32323
17628
19231
11744
23027
31206
2551
13491
25506
18847
32443
11225
31258
7609
6695
30636
3228
4996
791
26410
9087
29191
1097
31397
23578
17999
1891
699
23524
6663
16696
11145
32474
30793
29511
18460
17697
13492
26244
29224
17389
10431
860
20989
7585
23372
10995
8886
17720
18049
13744
18100
4323
12243
15099
75
24563
18019
1605
8890
22522
31630
23881
20321
32045
18879
31634
4910
10765
23944
26430
30809
10823
21746
769
24657
31960
2321
365
14838
372
5595
7536
26632
5417
5178
15390
27615
25152
14943
23472
10333
26468
22106
29645
20770
31238
22247
11017
23038
18431
22155
1452
31404
7287
23776
29108
6845
27654
18989
21533
14802
27674
8506
31583
10254
14745
9059
6969
8907
21191
29418
13741
10636
26729
12178
5452
7987
18987
16745
15539
2933
29247
17893
28502
4234
29767
21298
14204
26921
21365
1483
3467
691
1008
3144
1158
1967
7034
9590
8148
28278
30033
17581
13891
24623
19794
20574
1612
3070
5732
12012
24473
14969
4116
5565
1476
13660
24445
20112
12386
22397
12139
26385
19520
22786
7104
32426
25068
11217
27670
9885
17783
31816
24997
2128
29562
10799
7271
17895
16215
19946
23419
18712
14017
7667
7368
29755
24191
18568
24546
27041
11372
5537
4145
23847
25283
25893
23120
9227
12441
23901
28851
30462
15275
23977
909
6778
30554
2418
28656
24917
27892
32607
27190
15767
22837
4300
10145
21385
17166
3448
19262
17166
28580
30589
6671
6966
22428
13190
14952
11281
406
2364
666
10945
26103
2049
6863
23507
16364
9185
30261
14288
28588
7877
26463
15886
20989
4586
21480
27084
12537
11154
19289
32126
12818
29946
1356
6246
25940
13451
2770
19044
23018
16468
3859
6671
23524
21688
15156
12548
16183
17252
29054
8831
23557
3717
19388
40
8223
17463
22756
12591
22985
11840
24058
16282
8125
10750
7730
4062
31346
15518
28245
13997
12957
14223
5989
24848
26873
310
19588
693
23363
21988
14354
16010
31369
5381
25622
15755
13989
28314
479
26583
8965
1257
21739
13322
22701
22130
17671
199
14718
1062
23480
11412
30904
18388
12506
24555
3262
12004
2695
15757
28185
27975
13370
27930
18368
23726
20788
13279
31894
31738
11807
4079
9781
756
22002
2421
28906
24127
28180
11848
30976
10123
7620
27584
3394
28170
1208
15049
31419
25384
1284
21045
17856
16247
25662
21335
29745
29672
2016
9421
19707
31553
20717
28573
12513
24523
23256
29316
28797
18763
8609
8074
17281
10036
21313
14298
17731
19227
20552
22993
6777
1899
8133
13653
9280
9818
23142
23144
25700
19740
20704
22012
30427
8022
29073
4361
17554
14037
12644
9694
21357
17280
31734
8117
22409
26507
28407
22665
27076
9198
25810
26924
1919
26902
4752
24468
16290
8154
15609
12149
12513
16048
18685
4374
15678
16161
11091
16989
5839
1914
31584
24107
2498
7365
11610
15856
10142
12535
14253
6518
14283
24939
10142
22785
4437
14735
26926
19866
16877
19934
17985
17320
9777
782
24831
9152
22317
21898
11643
5566
4385
13602
11922
23061
30596
18689
31255
19811
23114
12256
18477
19017
24675
4218
4595
23929
15236
3648
871
16
18729
30285
17540
19495
17627
14492
23982
24484
28590
377
15184
24918
20751
1845
5316
23618
29884
24606
14963
25911
18964
29870
3901
16041
2193
25091
12571
28348
15763
24719
5378
31646
26463
785
6667
16922
16743
25028
22482
6762
9676
1494
11291
16205
10273
10523
19388
11098
19826
7683
23223
24724
1412
29642
20390
20030
18783
10990
9820
18673
778
3558
9673
18667
8854
529
15646
25258
1117
25837
15410
11706
3212
18825
27428
3531
7135
10813
17731
4614
16812
25240
23338
24225
20259
1434
8239
21681
12244
25635
9983
27712
11122
22444
4482
29856
29910
9525
14341
12030
10822
3198
19351
30522
11000
22394
30643
28407
26066
32257
18208
24302
1396
12741
20502
17031
7544
26247
27554
12714
15608
10891
31819
7378
2641
25417
2038
3940
19495
16997
10503
27712
938
1761
6857
22677
31767
24210
25872
18681
29569
31696
27421
25785
16593
13170
25025
13165
6924
14074
28870
18640
26068
16140
906
25295
10034
14885
3309
11744
2706
21385
17005
9109
5391
26237
4752
14193
28401
12727
23171
17914
26228
24339
7936
31247
4044
13191
19572
7292
9829
31577
16994
460
4975
1679
11778
2655
15770
18856
30767
26812
1566
30345
19072
8743
5887
8634
28596
32119
26255
18386
4947
21538
5172
18224
9362
31130
619
8684
24695
11484
21005
7181
18239
18501
8914
2557
253
9128
15635
25402
30083
23711
2260
27981
7045
31006
30209
4864
17148
6222
14840
15308
24265
9624
1608
14225
4507
16895
7352
4746
530
22452
25740
25983
14885
3044
25859
30268
5569
725
18724
15427
1202
10801
20666
7614
9159
32162
21150
30903
28977
31134
13364
19595
8237
12421
31288
6044
20451
13801
22203
15687
10637
21548
22632
2070
10715
16465
7948
7222
6550
16396
14678
28203
31109
30235
4059
4546
25997
18649
348
30023
13083
5905
5196
23801
20167
12048
24973
12987
7473
15358
7291
32268
25391
7534
23595
6201
31019
23859
2548
28881
19910
14197
6447
30298
31681
26885
27708
30530
30494
14318
2758
3865
5506
27213
3399
29693
30174
8034
25038
14421
2894
16102
19968
21698
20290
29343
21084
3666
24283
24115
21188
3319
1944
2362
10297
13880
1841
12182
32743
8231
707
27655
11105
12435
31022
28922
17965
15486
13499
17314
21635
15313
3
11594
16210
25935
8716
22250
20868
18120
26036
17144
6787
11663
12371
6528
23036
29486
27548
31351
22755
599
18116
19021
21431
10270
4839
11457
23047
1382
16039
8697
18229
13465
13590
31186
14458
30621
9174
4469
9258
515
27774
3883
30265
13185
17728
4210
22015
22178
19657
32336
31032
14268
5481
31719
10319
10275
27508
9034
22492
16796
23272
1167
31595
32276
14415
6949
30079
30610
12519
11624
18646
25707
9729
19059
28399
9141
22439
23093
30666
28157
8833
29640
22255
32317
21754
28157
433
18184
24478
24124
17076
2056
25798
31115
26285
22442
27512
3052
9833
29976
14729
31212
29201
30312
6404
121
428
10002
3280
9972
20197
10920
14476
6023
23566
14273
32702
20921
27750
32567
8237
27455
4503
5010
19339
21269
12931
25795
1111
19150
28480
9238
16898
2601
1633
9314
8273
16612
8056
2690
7682
27349
7897
25097
11954
10806
26272
27186
9214
7233
10485
12054
12777
23549
12174
17186
4733
10071
15478
11463
3254
23156
26637
23667
25243
13638
8273
16065
27310
8029
11611
16109
22662
24064
24364
19850
30907
28797
18602
16247
25602
1725
11238
6415
28057
17947
31648
6560
20710
20598
5645
6942
25179
16773
7384
6681
18332
5739
3686
31213
31460
13196
1118
22841
7589
31902
15209
2706
24174
13059
18486
1400
30226
3670
7618
25480
7
17220
18646
15860
12812
27805
1233
32561
14094
2730
3495
31983
12621
3266
21290
28238
10171
6424
29064
4687
25252
1751
4885
6792
31636
15985
8011
11805
9334
29747
23311
6379
27129
28958
24118
31494
30008
24050
584
3174
4249
17547
11908
18653
29685
15216
9508
6220
7162
28586
13794
18199
12494
210
31162
25302
16373
25454
31730
20302
19829
15742
29784
10143
56
29009
30411
16318
28081
19101
15356
23078
18627
463
26486
26059
30686
2464
28380
22608
22123
23273
1650
30841
9578
12984
14047
11491
28505
30371
50
8947
25432
13148
11810
25100
27532
27014
16794
7941
705
7367
4981
25562
3411
22815
5254
24481
14670
8824
20187
29376
10708
638
3138
19294
29119
10416
17933
9751
8584
20663
16915
1780
27752
25335
247
32410
10428
869
25005
20417
12206
664
7737
2280
24594
25890
1466
26183
18574
29984
6056
4102
15614
4624
25690
2220
23318
13027
22219
24538
16969
20051
19357
32057
746
7543
6494
6065
2194
27797
28171
11484
961
28215
9682
3258
5832
17537
32540
19878
18918
13505
20427
15496
2737
14664
8128
7501
15031
25977
19617
20372
4454
20511
6873
11178
21801
30724
22496
11193
12244
22207
29116
13628
8770
5581
10184
5814
23356
6627
14516
3492
30109
22659
12749
26800
25012
11214
17278
6695
32234
6297
16151
20141
8869
15042
8654
23600
9580
19396
20740
7450
5963
30602
27593
3019
17017
29569
21921
12870
11064
3057
24200
16938
6141
7053
11317
26853
25809
8521
18588
13348
9719
26731
31158
6797
24015
30437
18052
31921
18938
13794
19794
12860
3007
2207
20281
30575
12205
17788
5351
20177
22658
17747
4259
11041
4428
32008
24971
30094
2766
21857
7200
17451
18469
13592
31749
21661
32428
28975
25348
7958
11548
6020
18770
5512
11768
18341
788
25362
18728
3557
32545
16319
2275
29872
25354
11375
21971
16411
10328
11029
7796
1983
7956
18211
3518
8904
31117
579
5379
6729
17749
31048
19738
5587
30093
21860
29373
30277
25186
23963
560
4837
25048
15479
13859
19632
24007
19966
28122
27631
2850
2529
16011
31755
9855
24054
13320
6562
22996
3304
1181
26330
12159
25902
15420
6646
13962
25657
8919
23079
15404
6642
25102
24228
16019
24675
11786
1020
31968
15284
30121
19371
18548
30298
24027
31212
31594
19851
3148
17871
14436
16885
1347
20363
22411
24751
8394
20757
9425
6256
23311
15602
21370
28415
1034
16201
19162
10986
4704
21820
12384
17787
7559
28280
21203
14568
17195
19723
23260
32458
31697
6007
25797
21200
8891
20740
26496
3509
13579
11354
3307
11375
3115
27726
24402
22442
5995
18173
28725
32628
22764
32535
23628
24378
10686
10110
20681
32243
2373
17680
30173
32411
31713
17088
25213
21731
15565
27628
32102
12839
18248
24811
28511
16032
31475
14821
2750
29403
24443
19431
19501
9577
19319
17462
22702
8409
29332
3556
7389
21987
7919
13730
29045
32230
6594
16341
26902
16789
1859
9452
11078
14316
14793
26608
181
20842
16433
31580
29893
890
13184
26672
12361
18482
1993
27457
29069
17983
25682
31955
17816
13600
18162
30313
26285
20883
30397
19164
25624
30285
2532
1195
30503
11502
726
32402
10614
19252
18603
2654
12399
28783
32451
31231
8722
30517
32682
16095
26354
12118
32575
4978
3456
29714
6166
25359
25228
29322
18458
25598
29449
13429
8311
6098
23313
17172
11447
9720
1577
30312
21802
17553
17605
17570
16524
9085
23311
9691
30946
3512
27876
24581
22437
13546
27423
20258
32034
23353
26139
32180
22305
20322
26995
8564
31429
28424
17676
20550
21939
9036
26454
365
31350
2973
11470
12027
3107
19153
18632
11148
3384
10869
11115
52
5578
2146
2301
26294
13536
17041
26209
13303
282
5425
20189
18098
7318
7926
5921
20076
12307
32691
20869
32427
8535
17707
22419
611
2255
6693
3269
17329
10870
27582
16015
23499
30199
30979
17824
16184
21014
191
19558
31292
14156
402
24272
4503
23985
16451
10071
23407
544
2135
32063
25738
1685
23267
10266
13760
29145
32670
31887
3504
4706
11322
13913
25267
18548
13813
13202
16654
15245
363
30002
22892
32512
9390
2259
21387
27104
28568
16311
14645
9759
20064
22283
3442
15095
14956
30061
25596
5769
11622
8621
3315
23237
19090
5840
10450
29065
12895
6491
14498
11277
13372
12750
32365
29054
21164
28782
16886
16617
19869
7751
19879
2651
9974
32626
14283
9031
21871
2708
19453
23079
6565
14759
10464
28006
10606
22525
26129
27006
9577
29057
22106
12894
3290
18241
14889
15374
9141
27945
30272
13973
32505
29969
8877
12571
11071
19195
1533
30795
8595
9877
20653
13307
32386
13830
11489
2063
12148
26086
30296
15514
2621
27278
11936
12615
750
28307
390
8184
29681
2701
28113
29356
11349
27165
26160
12454
14438
16942
32368
18124
6273
31866
30962
12109
23078
15440
18525
15494
18255
8341
22928
2855
8192
26378
14811
24465
4640
21708
28014
29315
25479
2081
2577
28918
600
6001
27158
13125
28561
8595
2956
28561
14304
13131
28598
27492
28345
9744
3772
28820
24485
23570
13215
2411
27101
32123
21618
18436
14871
6901
15048
7416
22176
22893
4201
315
12715
2839
9289
30528
13801
22963
31674
10084
345
26126
992
7049
16994
203
30565
24065
27423
24675
19567
32687
12026
30827
16079
18792
32380
22038
19068
7327
30051
9722
10815
18242
28405
18199
11951
20191
13461
3861
352
30475
31380
9165
10328
1796
8009
3595
24002
4757
24676
27026
4071
19002
31359
22113
7513
5765
26358
3893
8561
704
11257
18767
25852
15060
29407
16759
18226
8298
22717
6721
13032
15183
11576
28559
29702
2333
5015
17239
314
28696
14877
10151
3566
22870
7061
18918
30840
13859
32558
17244
26769
29859
10889
21237
12809
10169
31249
25665
20409
26152
21387
1984
2744
9464
9965
16477
8658
4380
29044
19000
1333
11345
30449
16040
31342
12617
9572
14721
15508
777
22219
25490
27843
11152
25916
1650
26316
11705
17714
3453
20011
11874
6693
6169
26426
14542
31069
318
4260
8776
20231
53
28955
20745
6537
18079
11598
27228
28435
16314
14869
11264
374
21728
7919
29902
5178
23376
15535
16539
6378
3889
27762
7008
26035
16340
2772
20377
14894
4410
17252
21482
1657
30422
12373
15368
10380
19347
8822
12503
5066
11033
9572
13264
5847
28748
5117
12710
13226
32022
20761
10281
15843
12135
30837
25450
13150
10106
7152
5664
776
17241
24826
20810
13809
29603
4681
7958
11939
19853
31181
17666
29363
32295
5863
28993
12949
737
1238
22368
948
19277
9586
41
194
10278
25628
20680
17485
11154
9461
3372
29076
24228
13390
22960
16280
28709
19040
32763
14966
16532
30525
31524
12019
28523
2823
3866
29785
19876
20064
28484
2178
22908
7969
14436
12850
10103
17743
16833
7594
23716
5195
2437
10105
7714
11336
16484
18838
6627
28674
14462
24236
3248
686
15239
12213
26989
25132
3109
32714
1439
29060
5785
2617
28459
1936
5282
9945
20320
22006
10398
2202
32568
15450
13299
19040
12507
23505
27821
15890
21093
32408
30313
12781
3561
10246
625
8223
2742
24767
15144
31889
21465
4907
32425
5380
2019
3110
11435
14175
13804
29689
2984
4679
3031
21385
2366
1009
14808
31183
22997
19252
12084
21896
15234
20195
5192
5934
24619
28505
9677
12070
17132
5717
21850
31803
27834
30985
21290
15947
27718
16493
25888
8512
1316
3033
12040
29762
23085
467
20512
24876
5922
25382
31191
14396
23954
21556
25556
9230
30973
20620
16698
22987
7737
31935
6955
6558
14869
19056
13451
4967
4925
8875
23302
948
17245
2680
18772
7405
19337
30127
32443
4302
18397
15373
12246
19994
1632
25736
13462
18062
1326
15072
6022
20756
7127
25463
10835
31802
21506
24930
17291
25826
13654
17088
2469
25915
2202
26442
28482
12272
22042
5420
17586
11167
9037
20500
698
8844
13238
9864
12948
6807
20744
27004
5944
26987
24205
548
31706
22777
15304
23047
19380
28709
14938
2389
22277
13246
11042
16250
26970
29620
18088
6643
5388
30853
29884
23904
22538
9465
14170
17627
32216
24591
15569
23433
25304
23351
23844
5230
31945
2241
1713
5254
19597
22166
24080
25361
7471
294
5438
29742
13348
4769
15867
16811
22225
25194
7024
26140
18766
10441
14101
28202
10858
31456
15570
21550
20719
17120
25189
23039
3623
2172
24067
13575
31134
7582
12354
16541
10794
857
17718
10895
41
6944
12506
19965
25866
30773
2738
12398
9231
25955
11439
21789
16464
29424
22867
23188
27652
8398
3349
5756
1276
30993
32519
9140
14960
11942
5302
5792
16382
5185
19794
19396
12784
32663
26639
1169
3774
27854
18890
18046
27091
30257
26096
12379
15252
29737
11932
14818
29343
22888
20479
4496
10832
8040
15109
3251
10890
22292
17205
24003
5300
12741
21466
1269
25089
5743
96
12046
5877
5917
29696
30325
20517
23194
1184
14989
3134
20081
27892
321
22344
13592
29162
5857
15148
25705
30533
24620
6516
18513
18311
4782
21075
32204
4885
18252
23781
6673
27286
6941
13495
29193
14492
21115
16522
30214
32390
12890
5716
30130
22693
985
16520
24646
3485
30231
26775
21756
11534
21064
2743
6086
372
13832
5859
15936
22860
18414
8995
10467
27513
6757
4877
7292
23269
12471
22668
4061
7531
23147
12768
467
18933
22737
2278
27480
4577
731
22426
8713
27050
23342
13786
16090
9412
19577
29805
23816
2247
6
26947
17743
7120
655
20734
22878
12836
11090
27058
21384
32535
31079
10985
11964
11565
23378
16107
19127
16766
5333
8508
8312
20063
14088
1637
6900
14654
24235
28919
26636
6094
11450
6094
21948
26725
11586
403
3989
10658
8308
31108
20589
5458
23031
16760
23637
660
10883
9501
22219
13116
1964
21125
18737
4214
26107
7137
28030
6828
31043
1676
4404
4265
20274
19275
9362
4606
30759
11219
18954
16548
12867
16779
31221
9700
19139
10644
3718
24180
10637
12807
19452
20963
15112
27773
14620
31030
11313
18901
23519
30932
11500
9009
11880
4511
11415
21570
24632
11620
17637
19142
14245
2677
18154
12110
10120
19092
7794
2885
27959
26899
32663
4142
19123
23610
4755
25645
12578
26089
4562
6089
28543
22398
3660
10480
14736
19705
19985
14139
6936
9055
31013
19828
11087
11868
2191
25686
5263
28971
11181
659
17488
24251
6090
7708
22358
25866
30194
8860
5673
18389
25349
16709
5574
3700
13835
28112
20628
2304
199
11455
19353
12470
32399
5862
7150
26528
25947
13865
24688
23410
19739
8071
953
4018
8526
28248
23119
21275
20688
1234
28954
9284
12275
13778
8220
18813
16594
15322
13660
8185
21986
8533
19491
26163
17098
32291
9323
1418
3957
11857
3733
7982
24933
26152
16218
24640
3914
18282
8196
24885
4819
23512
28382
5244
19652
6391
17385
2144
20297
20756
19920
47
8841
13702
23326
10396
14207
20019
943
27490
32005
2646
1636
9770
19250
20095
12059
18607
6374
9179
22751
7712
12195
27829
24667
17862
20895
16957
6805
7910
1559
24456
9177
11241
32741
15833
6898
12474
21077
17951
7329
4208
26677
15294
4935
11821
28971
17554
12005
21829
14668
12849
6470
27811
7913
28785
14971
31081
6828
15659
8584
13527
3556
3390
25949
14702
19230
17110
4616
2901
3317
6382
30248
32763
20267
26643
25765
18686
15864
10347
16030
9804
12193
21751
22947
904
23629
5141
5669
1199
18453
18761
14890
17915
4954
29756
25669
21255
9563
261
10950
6453
25862
28072
