3830 2553
23371
8242
10601
11123
7157
14208
27354
5962
29999
19918
22841
29328
16755
23295
14061
14306
2938
3900
17035
32332
21932
19605
23023
24590
30170
25579
21388
16032
22831
6413
512
2035
17508
12833
5611
24826
25652
5702
20994
22889
16912
16247
17759
3261
28947
946
27
21628
1848
31066
30239
28606
14027
31451
1079
17388
7197
3468
19305
6856
4988
12249
22148
429
11106
21153
15867
11800
1773
477
15860
2920
17551
131
29341
21986
15623
23466
11967
26360
11920
14574
8341
5835
10328
25622
14558
22254
18995
24564
2097
27245
11409
32397
1681
24334
1198
17530
31041
11222
22792
7054
27353
6351
23062
6329
27034
21513
13111
22828
32767
22495
26601
15038
7060
1659
4411
29583
22027
7837
3973
19691
21645
28055
1110
1393
12622
25245
10414
7796
9060
26427
21357
6305
22745
8487
17420
25570
14079
313
1419
1667
29955
17336
32170
16276
17605
17879
31836
10382
32231
21631
24441
6713
32549
22607
7859
22732
14820
738
21451
19286
7181
24912
4869
16990
19483
30711
10201
4550
27507
19323
2539
502
21236
31499
7741
23606
32208
20454
6307
5722
5786
26142
4472
24997
23200
21148
9104
8424
18298
27237
9837
2538
18147
3868
22710
30220
19656
9415
3812
9773
7071
5334
14911
32204
8954
609
23561
31084
11356
5041
14585
25661
19019
29954
24811
4344
15782
30855
24277
6667
17721
30639
9469
27894
2959
22951
2409
9461
9991
25376
26263
30943
24618
13138
13423
16462
12860
4672
11638
21504
14865
29758
21572
19837
1827
22193
27960
27130
737
23063
16490
5246
25161
15687
14305
23363
21944
7673
11783
21599
27393
8840
89
13731
21949
28919
14947
9156
4579
5939
27884
31928
5273
18583
1390
8547
32585
5301
14793
627
2294
31572
23607
29833
4561
437
11139
3993
5383
11547
29558
7571
27870
1673
4499
23619
7424
3022
12804
5750
5910
12735
22739
22622
11673
23492
2909
17207
10469
27798
11780
17451
12944
21574
27173
12915
2809
16258
12362
6336
15652
19476
10912
11737
17605
26283
13227
16517
23194
13790
9528
6827
23294
13934
5011
8120
31420
27851
18683
10817
15905
20442
5459
27882
26197
20726
17946
23174
18667
9525
23197
22911
17846
13292
18539
18040
20190
20085
25610
2610
14132
5423
16872
18092
15043
11719
9108
24463
30119
11958
17710
25032
15651
25611
7965
3703
3821
20843
28671
3336
2764
5462
8934
2207
10853
4523
26049
15546
11090
32111
1048
13586
24437
17354
23037
17602
22412
21586
29503
30890
7173
18573
10976
2326
26643
688
24265
3739
6913
10669
3005
32322
21447
9837
25996
12521
27355
1626
16265
31205
15945
26401
22845
4332
1030
20406
25437
21299
5761
6808
20730
8147
28540
21846
18680
21361
17690
14674
19393
10014
32057
8645
24890
30332
27393
8963
25335
12578
2749
9985
13995
31554
12266
13076
3298
16777
22926
15099
30706
17479
8396
9504
28462
24016
30132
25627
4702
2082
7776
18808
16748
26056
11324
30138
23648
20990
23461
2463
16270
15381
4534
31910
20494
21017
27742
15567
11373
16050
6326
31650
21922
32328
25490
19570
25668
3946
14423
30691
7674
625
524
10410
32562
11360
8883
21908
3350
271
29913
3274
955
22665
2924
1107
13468
9138
9165
5082
10568
21549
32294
31666
24151
31612
4094
7447
10914
25961
17674
1975
9908
12709
16966
113
10363
12464
24389
25948
10051
2040
18885
4875
7142
24901
1927
12047
12604
10580
19038
31678
22745
8642
19077
6451
6136
18989
6965
22422
8370
25749
11639
32414
2932
6408
30008
11859
17583
31870
25755
15641
721
32514
12691
14058
22645
1298
6576
25059
14038
12361
6201
27650
29834
6971
17020
9774
11373
3233
15970
28791
2267
26038
1862
15264
20258
20448
29959
17370
16182
28051
14684
26835
7079
4722
18280
18159
28113
18104
22927
30165
23123
6615
2439
4142
6594
2143
11954
26793
27038
31008
30379
4163
2436
5523
27679
4549
6310
374
24542
1678
26489
13751
26673
26770
4525
659
27247
17827
29794
31999
25291
14320
21657
23367
24176
18379
18920
1269
23504
6831
16755
23028
1336
4993
11543
29941
31144
18454
13032
27922
6115
28662
28894
23217
32706
12383
10443
9132
15821
27021
26768
21167
21772
26937
657
32225
6939
9824
27238
198
6781
27205
18900
3428
28466
2745
25083
22692
20876
6554
3280
26108
17214
11674
29390
13899
4790
10305
18665
24068
10413
7478
10948
18063
21500
16058
25891
7916
1969
29557
17571
16282
16226
31093
15529
1463
32193
14964
31384
26984
6513
13657
14663
21371
19480
8450
26802
30283
14262
11329
32239
11748
22069
32548
32612
11112
1857
24954
8504
28594
12377
10898
1543
22840
8998
24134
30682
18742
15884
6968
11606
9225
31488
15964
28467
12504
24729
24503
12784
7290
2409
3174
30661
9108
13709
25057
3802
10242
6787
28289
32694
13689
25916
31552
16378
14698
8818
8897
32079
29225
316
22928
5277
22862
9184
19370
2430
3420
29416
13120
4594
32416
9848
3256
2644
25436
31198
19445
25996
14117
15723
30424
28039
18826
14977
18694
26596
8182
7662
17644
29424
11992
23672
22017
11989
11776
17849
26699
1806
3148
14638
6437
12318
18053
12682
25919
11650
9604
6736
30694
29668
10137
9120
32646
31633
6445
2129
11117
22317
8357
31297
14033
8870
16778
10473
9493
24166
6887
5685
4936
2765
25843
11666
17135
6110
29168
20808
16900
32056
13907
21002
21566
3656
7205
1227
403
24254
9641
27348
28156
19261
9023
8212
24184
31319
136
951
3923
27064
27851
20218
16296
23457
25240
3645
5669
14489
21163
12377
17166
14687
30226
8245
900
27938
2963
7316
27144
28660
1096
16945
4155
25981
25484
31758
5607
3052
22043
19977
4419
31539
17524
11696
21619
25716
25730
23894
11343
26038
3708
32103
31845
17885
22794
18424
23617
11481
16553
10914
6636
11293
24144
12945
17842
11091
29012
32472
11048
3406
16521
11527
23406
8512
5802
29696
11442
13357
24058
24838
21237
22175
7980
27415
30226
10908
26496
20604
26876
19925
23088
29342
26183
13344
28938
9243
30186
1576
12382
7449
24643
22627
21018
2523
21083
20037
11316
26514
5996
32180
22088
9077
2976
9915
21123
12307
11292
4994
15807
1256
26685
13438
19183
15407
6177
19685
3518
17144
15466
17253
22643
20346
27454
27413
12568
4522
3730
22700
8667
21005
22441
6129
26804
29386
3031
21874
19016
1795
3723
20601
3086
29797
19597
10556
22960
21246
27779
24404
6580
32591
26810
5232
30043
4771
30243
26443
6089
13727
23708
31451
26727
281
9329
32204
17542
24878
15651
17964
31813
11918
360
21864
5812
29211
15474
22647
8505
1715
5236
30805
3635
3401
32355
3763
26334
26427
7930
4845
21623
10975
15616
21308
17568
18015
10445
20013
11525
17608
15627
16465
12864
26973
23738
14902
13818
5425
4726
21143
4179
10997
13565
18640
30852
25870
13548
11156
24771
20971
30665
22498
18792
27285
25670
25653
20301
30599
964
19452
31098
14273
23831
28489
2562
32280
27785
15053
22056
14544
23841
3076
27078
5996
26405
9645
31216
17093
30685
18557
27348
23386
1690
17428
27876
12775
15095
5168
30008
28217
18527
24097
5421
6208
8911
25213
30035
14182
28893
14100
30598
31775
24314
23846
17498
10177
14324
2004
18365
9879
26303
9941
24791
4144
17780
2410
18741
509
23962
11668
30503
2076
32165
3972
32614
2158
18364
3411
14842
25583
7615
13043
11867
16967
3721
614
2775
15260
10354
3117
11059
21675
21784
27652
29333
279
8800
32204
31906
8192
7351
24265
27107
9944
7838
3853
19309
28274
14693
18228
29121
22108
6966
22098
8945
12911
5718
7210
31748
13988
11688
29601
412
21802
19059
8562
9174
17077
32612
6946
14706
5400
31959
14903
13876
12310
6738
12197
8329
29813
6482
19337
2670
25941
1355
27929
4494
14272
21738
11995
10922
130
12445
8982
15422
29755
597
13447
19554
28082
12939
32596
17902
11884
13953
13894
6369
3454
21450
26674
14852
2207
15628
14776
17866
27521
27653
26416
19067
354
23756
8930
32145
1246
3673
9077
24675
16903
27720
30379
6144
7863
1498
27723
31838
32037
13885
11614
8884
11447
8717
21405
26404
23831
11802
5419
14749
18313
21356
22656
12800
636
29828
17573
12161
13150
6117
8615
1873
4789
11219
7494
1658
30316
14171
18413
19210
22122
7315
24039
14451
32618
20515
12495
2866
26630
10756
17736
20399
23572
13192
30959
16484
29238
5787
17550
20290
32685
4680
28307
24144
32366
6271
16832
27542
6520
30997
7203
13369
21348
15884
27209
4839
31550
7445
25263
7541
25491
8787
5497
17863
4043
30818
9318
497
19385
29080
14084
16283
24945
13962
32544
9898
24922
15826
24961
28445
12420
28944
5846
20020
20795
9007
22764
16088
6620
15338
28708
10551
19943
15502
13605
11695
19798
513
23246
5869
20013
26627
5230
14166
21587
12724
27704
13733
23456
23382
24049
3286
26679
14677
2540
17220
28950
2180
5176
7438
22763
21418
1048
19902
26921
21053
14259
27949
860
9325
16397
13217
31930
4197
14646
16697
22522
9421
29378
29835
20841
25747
31864
5259
28986
24555
27471
20911
6173
24212
27286
25168
14868
32605
28018
15956
15234
28905
5261
15882
9349
10159
7181
8277
7814
13636
26051
15373
28687
9437
29605
24738
27356
272
26239
10754
52
26330
21733
19389
28538
18918
3692
5991
17151
19980
7962
16959
3866
23065
10010
11789
10107
18382
23220
14673
16060
21803
15997
23193
9273
15085
29643
2867
5154
3157
10604
17668
19918
17451
1176
6072
25682
8963
5667
6428
32083
17087
12279
13511
29208
853
11970
7936
1763
13522
3052
28380
11394
8863
19404
9127
33
25603
7195
6533
32098
5610
13993
12633
5808
25061
23630
12262
10192
30321
31780
6197
30392
21628
23283
1334
13989
5669
20205
18089
16744
4804
25500
17727
31488
1066
31256
29181
4974
4394
14717
17634
6853
24920
25500
3785
7041
7696
25073
8849
12057
1210
7894
6522
16600
28237
32501
14034
29416
28690
3843
11986
22960
31147
14764
21699
352
5203
6601
29796
29129
10087
15577
23184
9331
26150
27055
20764
8425
19125
16232
4607
13144
16997
16544
30133
29016
28473
7910
24805
266
8867
23148
13633
22115
30095
2563
18861
23239
8610
24391
11684
13018
32708
15127
15320
5779
20444
26185
16409
28562
11738
17051
13432
12723
22523
2028
22956
8675
10824
25004
11957
32562
29537
145
3007
16938
1656
29835
25672
26207
11936
25339
29829
29256
26440
27936
24066
12621
32258
23249
30602
21537
394
23922
21574
27474
8707
32545
17960
28703
26243
4656
24459
20361
23506
13528
14355
11181
8303
15659
30939
18256
29140
8523
29647
20412
7931
12250
19030
30923
1057
11441
26421
8001
29642
9685
20400
25950
12549
5286
4081
32180
24305
8026
18094
6199
2432
3754
5127
9619
11131
19403
28589
25794
21959
31392
10825
28381
23526
1070
7708
13618
10688
9552
21218
9624
9892
21932
6397
26879
18826
6885
24527
28747
17051
7187
19304
17251
24051
2416
19809
18052
933
11347
17671
27100
30975
13155
27325
30548
18192
3844
2715
29357
27240
29206
21083
16334
12319
19167
13942
860
25625
18501
12938
29068
13447
16193
26879
32565
28337
1168
26090
10538
30964
3756
2353
17862
11782
29690
23537
5320
32130
6469
21788
353
30112
9323
20839
19084
6723
1878
16995
1438
11578
14126
22761
12062
19391
25549
11964
15830
1348
17268
13162
27690
20336
18108
24691
11177
31588
18639
30893
30434
4162
4055
22247
30073
12016
12727
4045
9850
25369
12538
27404
1260
1397
26120
30646
23210
4939
2208
16359
13678
7988
28034
24489
12847
16161
19564
789
4781
7071
8776
4027
20810
1114
932
32068
10011
11744
29538
8534
14399
31912
4529
29368
23151
339
14140
1975
10711
2609
20641
21448
24612
28167
3620
26734
8671
29712
15269
15710
13817
32065
21711
17378
23463
21201
10643
18811
12912
15865
9940
28106
26755
19705
5988
12208
9039
26971
28976
21941
22094
9083
695
13734
31777
22343
5313
8066
26082
3652
21581
28568
5302
17106
6347
3049
20897
26800
23179
20691
30623
24258
28022
12529
9200
11794
21500
3133
16563
14870
15949
631
7606
17969
2508
17611
2957
29819
21696
10926
11489
8645
31309
3593
29195
17112
2724
12953
29409
9982
4982
15509
6864
17348
19630
31378
23340
28157
32095
1701
22467
9226
11515
711
16824
19801
29895
29821
21647
4908
1419
952
10628
13980
13710
8441
21793
2013
10945
22202
783
25283
30011
18954
1069
21637
11749
11895
735
20162
28023
12592
20905
3009
12195
8043
2044
2045
30351
19461
24911
13537
17033
30824
4722
18640
12791
17586
2335
20584
23948
27412
18899
25864
17602
19063
24539
11407
24196
1126
5042
1639
8746
12840
23434
2499
7339
29996
14889
14628
26126
26283
32758
3874
2850
10888
8788
18537
16239
10619
7470
3842
27500
13934
4819
27348
27379
8999
7685
7018
4081
2088
2636
16118
15714
17363
26257
27286
11901
29906
9703
6103
15915
29622
17068
2936
17086
4062
6097
6512
20960
5019
25718
27185
201
21393
11706
9519
29878
19809
29393
9372
22422
6533
26455
5750
1286
13435
10211
11972
895
25381
7392
20253
7630
13936
32664
18281
12485
29236
13714
5100
305
23387
30238
15488
11788
12614
28206
14625
4851
22124
22119
32687
11994
27716
12152
7920
25342
26214
6315
2773
7707
22765
29881
32254
18399
1567
20707
5247
159
28496
16958
997
2378
27907
11599
5236
26523
4691
11223
16307
6802
24465
1264
6187
29476
2095
27481
24171
25906
20444
30223
26447
25784
17137
1821
14210
9031
19980
5300
30786
16821
30970
2174
10595
18963
18651
10544
13463
1503
3456
16991
17900
1147
7704
32404
3478
26078
18700
10146
20207
15754
31527
16695
24764
8637
25082
12722
690
15084
3455
27956
11321
26477
21756
22266
14447
18292
810
19690
4976
17728
3479
4459
19669
28054
23369
1914
13178
11375
24228
29947
24197
16878
1678
16204
18339
916
19152
22048
23189
15799
22463
16523
7660
18736
7453
89
22800
10581
17466
16292
23431
17959
20830
31910
18804
5836
29803
10187
4446
20543
19647
26634
28467
27718
9304
31094
8333
7332
26171
23056
11827
32400
21526
14560
28387
8807
16164
23364
10063
15262
18513
27783
27493
3322
27551
27573
9427
25859
23240
11182
25291
16054
27429
6522
22275
23162
6862
15580
9217
25429
28931
10026
24725
29792
15818
17499
29863
4728
31962
16994
13106
28215
24504
699
21905
546
17184
19011
15354
24868
5030
9036
5960
18748
26013
9713
24573
20082
17464
6823
16007
12815
31727
11029
18626
14861
25636
5414
14527
7373
27655
5212
196
21768
28343
30055
24723
29192
4778
2038
24559
14360
14414
25293
21085
9529
15344
11799
18472
11798
3806
26622
4263
18234
27592
22394
12738
3713
10860
8550
30899
10444
30323
13273
2058
10233
28053
31667
1780
3347
26884
6262
21948
15045
30216
600
27538
27669
16870
22166
16780
847
32007
15882
28394
17726
31062
8704
23198
21666
2026
9030
9740
479
23013
1922
13582
17139
26780
4296
30523
26538
10488
29548
22121
24085
3612
24085
28272
6968
8007
18451
29233
31747
9468
31219
25047
12932
12641
1104
30301
4954
2022
6380
26193
22381
10278
31231
26583
9692
18
29646
5104
31287
2380
5248
3836
15087
21969
5677
6782
5130
20443
12089
29728
27163
12550
15584
9719
31090
29873
31761
11271
30096
18855
17536
4874
15582
18175
31223
29805
29854
26688
10220
29596
8481
5321
31577
8319
3642
13936
3784
25412
7156
9066
15533
21856
17280
24427
27641
11216
26737
30733
2796
5797
18988
118
11307
14783
10649
28725
31250
8921
30495
26990
29771
24774
7376
10807
11168
8185
14560
11585
28685
28747
23644
15803
9498
6137
8728
627
12392
6124
12778
17471
13961
17726
1045
29595
6676
7161
30984
12691
28921
12066
6473
24548
25619
23030
4524
31838
11516
5747
16328
19340
9765
7450
25259
5783
8486
12788
17357
104
30546
17107
27715
13837
2191
15066
14901
32350
7269
12095
27282
27872
22868
18768
27394
15337
18027
4532
2077
4613
2838
244
19418
13977
24888
31034
8266
31174
28025
3416
2694
21392
29154
14603
4582
32320
3751
28289
10099
4102
1347
7450
8607
22499
12746
5484
8244
454
11899
28297
27787
17910
21909
20612
10750
10159
5485
18481
27295
1808
19132
2093
31787
2613
5437
15134
313
8608
23160
19260
10935
11229
27352
17169
9623
31845
32004
11132
4294
18884
29548
2812
3934
18167
8226
27179
19228
27672
31468
393
31508
12861
32151
29819
17059
18077
6798
15764
31910
30964
427
12306
18153
26921
10060
12972
25059
14382
16810
6027
14496
16425
12390
13718
9470
6097
613
9970
17436
25882
3550
20681
28432
17172
20145
6219
11224
16144
32507
26867
10899
12550
7655
28684
8946
29491
22727
12659
9705
15622
2659
22942
14250
9533
17552
28893
17875
3916
6149
21472
19942
2046
3691
5498
18427
21854
2739
11684
10673
15832
940
6597
5482
19100
19669
21041
2488
2371
24944
14575
9490
4277
26071
26047
20940
19786
21267
29531
28230
22575
171
12798
17763
24076
186
25379
27452
22755
580
25231
21014
8508
11722
24721
11154
6783
12316
4489
27172
32417
26479
30375
30406
3330
26287
9205
28398
8342
17175
10136
32445
28996
24574
30291
11129
1163
11508
332
8765
4459
2573
22803
24303
23427
18045
480
16243
18807
28005
23836
22302
14996
21741
19491
5742
24503
9107
28745
6904
7018
16323
11291
15265
11601
23975
18919
9489
11461
8000
27518
6757
5822
31414
10040
11812
29430
23276
30265
1909
21579
11864
22515
1935
14437
22546
20204
25456
2714
14122
6849
1490
19982
14399
21356
19803
13087
9549
18882
31508
7168
10183
20799
25884
21667
12518
22278
16798
477
15424
27172
7680
3013
8348
6421
22109
1885
25349
18569
8502
25460
16413
26472
868
23754
24500
9235
16465
32118
26265
1773
6760
11141
23216
5658
30666
2788
3397
26246
16195
13952
32672
15913
380
5291
30170
11146
17010
19138
11247
13954
30502
5132
24851
3651
2967
32742
11594
22680
1261
23325
21811
1647
5111
18588
4132
20884
11223
19783
29820
18367
28924
21286
32309
1745
5201
26566
25529
3675
28340
14812
11511
19040
28842
6700
16565
15196
14929
937
23592
24452
28566
28382
10434
16720
7335
29836
25675
20279
16044
917
20275
24761
17586
11800
21799
3235
7399
20958
9186
13455
8717
8181
9286
27050
32041
18330
2475
3770
20347
18525
27511
23391
14515
12159
7406
9368
3426
17567
14156
3722
20911
27029
2577
2941
19531
12703
26013
19496
17831
29627
29692
1326
18276
23635
5123
11752
28683
16927
27292
7269
12030
16968
7774
8879
31918
26569
29025
4432
25359
25115
11600
17173
27209
3857
5567
5650
15793
23553
21695
30182
7415
16932
5552
23361
28064
25151
16983
25763
183
899
5681
27750
24768
31154
31750
16382
15342
13956
27072
23680
16022
2633
11902
21601
29154
22479
26341
17024
29386
16262
2998
28263
5440
1506
20134
1486
18347
14593
14698
3937
19095
22926
17169
31428
4267
2789
20374
29139
23259
3704
19894
20270
25823
3697
26367
24053
13795
31641
30250
18128
27008
632
14250
20019
1259
23486
26757
18400
11372
31713
18275
25517
19730
26120
11236
14215
3750
9768
10295
10935
8669
13932
26857
9828
16081
21467
18170
12121
26546
1589
16438
19721
17337
24349
18882
25040
9822
13437
12534
22652
5835
23079
32362
19212
27536
7864
3924
1720
20120
4034
22801
4401
15708
18730
2817
4905
22870
21454
664
19478
7353
22379
17842
29491
18271
9151
30503
10696
6147
21738
31136
25260
9648
5914
13481
25352
28025
19815
12295
16477
26731
8188
31051
32713
15808
13688
1959
14982
25941
7060
4609
27571
20063
8965
2886
19287
24153
12964
14593
23203
23617
21964
6188
1399
7171
2563
1093
32040
32310
4061
21669
12417
6150
17182
25614
1287
6001
15903
13955
13697
14263
19571
12636
31160
23051
28873
6553
23420
5775
532
19575
23783
22911
9194
26177
21478
24748
7722
19305
7924
11565
22498
18391
5929
15697
31088
14465
25460
8920
31207
29500
4389
18786
7092
24785
5550
295
7297
32084
7594
8681
7257
12977
19742
23079
13
16776
21759
32404
21207
11323
501
28103
27454
22597
10335
23604
22329
22989
4503
7259
21399
7546
20087
14143
21150
25738
4892
26906
22003
18206
32745
22095
8122
12504
31695
3232
32509
2984
972
9377
15186
3299
5042
5996
25528
22678
3114
7319
1219
28441
14840
9315
2553
6375
25217
16950
20091
17580
31114
6988
8424
2976
25666
11689
15998
20500
28035
850
2434
10826
20309
9660
32482
6026
30132
25989
12058
8050
24211
19042
15956
25486
15136
16217
12243
19753
13898
20272
145
19810
1152
1317
21799
25474
8380
17887
16110
23948
23233
13477
23652
1814
6817
30926
22737
14936
32129
30584
3882
1923
12192
21885
21557
26196
10134
21923
11246
9704
9946
26387
28202
3794
9095
30733
7802
27499
32608
24793
31570
27241
12305
31489
2154
4019
15544
14525
6245
10100
13475
20655
6577
28526
859
20944
10926
27282
17890
13227
14610
4813
1338
14025
12428
23844
31270
10604
31911
17411
15925
25728
25074
19410
3579
5326
29278
13770
162
9331
8423
21767
22690
22672
14454
14814
20940
30532
14854
10096
4237
2519
26118
1919
5745
3896
29951
20609
24550
12970
17271
4595
3907
23226
29973
6896
18696
9332
21254
28418
9575
7894
27038
32056
23300
23173
10563
19833
1786
8639
3719
6167
13854
27793
5524
31655
4999
25930
31949
17681
24654
4399
6834
32227
6290
29040
19204
13547
27071
12379
14122
13572
24080
11984
32212
7728
24915
1525
32222
5351
749
20778
18551
31663
6429
21568
32386
27373
10629
20965
7484
23291
15078
9827
32288
13434
29739
31371
3592
15082
11433
8939
32660
1400
20901
32584
31951
31254
17686
28232
7184
32465
6573
10606
7199
21855
20499
7499
11161
21752
31090
4595
16278
30312
25398
14255
15752
26209
12309
27633
31847
4629
588
19085
24843
25092
6956
24357
6617
5907
5078
2789
15777
32223
4931
29297
20935
27728
9607
2076
31649
15729
6230
1627
24865
16255
199
28281
31924
18496
20056
24460
26729
25493
3890
22951
25686
20563
18863
16721
7224
16207
3866
14134
28761
2232
11190
6173
17847
19370
6145
14618
8546
11263
3897
13317
4902
8809
28448
22570
13162
4798
17661
4930
14424
7314
11235
26275
26174
23051
24629
15539
24372
241
11370
12962
5632
6661
4878
10841
26678
17044
23049
14509
9124
11339
23332
17369
31468
20301
15817
26155
11635
643
32266
26877
26234
28211
25830
27623
6027
3285
21959
3123
21015
11810
5454
8337
25693
12397
27987
23820
15757
25654
21032
29501
23854
19965
27934
703
20925
14932
12363
28131
2711
22584
22410
26276
281
19873
31426
18397
32005
31320
5484
3769
30759
23817
10063
2155
25913
20121
21134
2080
24069
1977
6885
14642
31945
9404
10800
24991
25823
7077
15917
10425
16029
22661
9090
13855
10875
29700
25090
15595
28531
14397
32300
18221
26798
26575
29684
21913
30300
31536
20167
10108
30180
18501
713
16117
1341
18480
27489
30049
5531
28522
4855
13335
4431
19473
10236
9558
6376
24195
17195
29051
7071
24619
25359
23671
20210
27803
16582
22401
18830
16603
25092
23304
17778
1281
3163
7404
19794
21506
32185
30445
22841
30152
3634
4452
7795
32645
7935
9777
5802
20038
31431
28660
591
4043
2846
6528
27196
19862
1868
16780
25751
11842
79
26284
8441
24854
28195
20352
32719
26586
8768
17195
14593
13033
17253
9735
21970
17288
13972
20120
520
18550
6493
9918
30796
26821
12640
27950
3539
12519
29966
11042
8510
22028
4527
12880
28863
17324
4777
14105
7038
10079
3583
23300
21051
28405
31256
15210
31540
27843
4290
22643
19785
5691
25462
26689
9822
4288
1246
27242
8449
184
27540
4012
11596
20194
29229
18908
12557
22505
6262
6176
29477
14906
27133
25438
22062
13843
11731
32500
9825
21469
17297
8618
32438
17596
20889
27364
2380
12644
10398
18461
7948
