3830 2553
23394
17944
4578
15726
13823
8927
16373
18240
14508
9650
21806
29637
7888
8048
5566
4601
26824
1804
29850
397
3536
29668
29823
8156
1319
4686
6707
290
27246
18036
21519
18920
16721
29027
31418
15555
7274
3166
20279
20542
11106
3704
6690
24853
29786
20578
20534
21668
15497
25217
24595
16286
25638
2371
3390
25858
14728
21428
31850
8523
1932
76
21750
5608
25399
9227
7094
10475
31900
18377
10998
11525
30464
28615
27580
17842
3133
16777
13390
23473
32612
15336
28660
13751
8870
13667
29695
2404
29813
5302
9738
6262
6118
30638
22400
11837
11354
15419
31327
4431
18525
8135
4923
15740
7118
26822
3205
31236
32065
20110
20237
8200
26273
4969
17350
9535
9498
1257
8905
16106
16437
22140
13213
12554
23621
2624
25270
7632
7171
23577
20539
26965
17781
25344
15373
1419
11796
23710
29444
14964
12845
22297
8572
16017
15240
11566
12048
13214
6984
2176
1957
23420
15122
24111
30123
6511
26993
6573
29087
5001
17785
27085
2772
2150
3499
25629
19828
11546
22041
29302
18881
10088
27083
16081
8353
30773
23392
4444
14682
27195
2296
21710
1178
22786
5970
13559
28858
25612
10290
2971
29507
25168
20486
3968
19378
10731
3784
31174
25464
17
20518
5495
28485
17737
14049
27999
13702
12762
14195
3102
7725
13952
17908
635
28592
21860
6974
10235
23892
1867
21840
18867
19115
270
30448
15194
26715
27978
2709
32418
3618
28248
27779
29896
30231
31872
56
20074
15667
29801
21767
11674
19727
27092
32259
11824
4847
4746
8478
18532
10240
23955
402
16796
20190
2729
2432
8066
27225
21997
5847
20826
20857
3032
3960
915
9408
6515
152
20891
2222
27851
19813
18936
27019
14751
12524
30869
11360
30301
5946
27481
28999
9549
4545
25854
19172
15883
27390
12833
3892
19258
7513
21653
9605
4215
12621
30973
30150
19596
18120
27290
23809
27622
19925
31073
19238
16202
12920
1617
28170
2755
32729
10755
3503
223
16037
10627
32198
32282
4786
11614
18546
6299
23522
28412
30287
22558
24137
20528
6067
10802
13714
4366
29492
26276
6046
6141
32106
30779
10863
13
32246
32165
28997
24970
1474
30386
5382
2257
6795
20928
3043
3938
15261
28023
25657
2871
9182
25270
14005
18516
27918
10956
956
16544
30797
30188
10
17907
16350
17883
5273
4720
30250
8428
5572
13077
5640
28974
30124
144
18491
25572
30171
6740
16956
23861
7207
6125
571
21541
28377
25744
3168
10948
15375
30967
3414
22181
28767
26476
1546
28050
16573
28195
25776
27262
11167
972
12040
16059
5471
4713
8671
878
992
21597
27096
24383
15732
1990
22892
29781
20221
27661
16432
27265
15699
15804
18262
27065
26086
9359
30583
6345
21157
18381
19344
29765
1310
31960
30026
4546
31974
17411
13950
9029
32059
1957
29688
20220
21992
20844
25979
12076
13161
27123
1798
3691
14928
5782
12118
13327
29159
27013
28588
21734
16919
22551
8400
31784
2184
2913
16726
169
2314
7944
2336
23123
15668
16979
22052
27604
18250
28548
22127
5268
3172
11625
4970
7914
14797
3886
16989
24207
14762
26229
32305
4947
23260
23464
20090
25614
12327
24718
8117
1498
27283
12573
4301
25471
13074
22160
14821
22831
18276
24761
20561
22644
24120
18839
19429
2150
5780
14123
29043
13857
30326
3976
26255
10614
15548
4906
12949
12769
2625
29064
20718
32699
9801
3052
14478
7601
25119
23171
31937
7797
24572
10160
27432
21171
16683
5542
19198
6983
32619
8758
8608
11181
30101
7397
8269
20665
23422
17218
7978
3976
14623
30583
18825
12470
5363
17693
24426
3025
24993
10325
12354
9998
28379
19220
13052
32571
24966
11454
24382
3061
30491
26615
11245
21531
6221
2742
22259
9859
32492
13466
23104
19179
29449
28546
12814
16178
25435
30296
22634
21704
23777
24109
6640
16995
9673
21899
10198
32243
32657
28166
2860
29401
21612
9237
23905
26707
21479
6432
27146
11323
17100
13274
7647
22002
582
6865
26374
13719
4679
15684
27285
17276
4903
24116
13138
9178
2702
21949
15805
4803
28563
31911
1360
19545
16933
30265
30469
17726
12714
19533
27929
18251
5863
4522
6159
18053
17696
32397
30969
588
30336
15241
20723
18134
22459
20113
10736
25308
30449
24148
23737
9619
6614
16329
14386
30942
16144
522
11743
27586
20192
27749
10152
16666
16133
8880
27353
22156
11741
25566
11373
30651
14542
5840
14988
29118
4580
6509
24402
31442
6331
1525
24786
16971
31392
25234
16987
15569
7667
28465
11002
200
23759
1423
5439
18192
21230
16279
11332
25583
17094
22507
31212
19531
22008
30913
19049
31517
15595
27888
26881
19234
29108
26442
6673
6356
8762
21549
30290
16536
1431
26965
2907
19769
8385
26612
25959
27285
15977
17669
26201
28822
7715
11229
3581
6756
7880
3843
6033
15833
26648
15169
4228
5942
22436
8443
19581
32020
13548
18368
23199
4253
28868
8223
24588
15867
29692
10172
31655
8465
16703
5027
5919
8809
28220
29915
18729
24686
14340
2879
11532
14556
14003
14985
21347
1652
29779
21936
12318
26356
27389
13428
10699
7494
11841
18230
11796
25592
17353
7438
28552
17388
28472
4120
12446
17233
30040
3086
16374
209
6773
8988
2531
3852
24580
25839
25383
9286
17801
11280
28925
29276
4279
21872
21085
15101
24792
5700
28283
29718
4463
25618
3217
4238
12316
8972
6366
16692
2497
3742
15086
16886
4835
4163
8477
1875
12115
30876
9559
24595
7437
20163
12065
24373
1632
10717
30429
8745
32591
18670
3657
18239
29240
23794
21066
10336
16307
14633
10728
11772
5565
23986
13977
20035
16918
4187
22978
3224
999
30648
13179
3394
8360
27762
32403
4453
16449
29922
28115
28465
21615
7902
28295
23130
3946
11219
29755
4296
11717
17172
12739
16271
6037
7794
25470
13345
7381
25869
3803
11715
20745
10346
23323
25405
18978
14277
26457
4310
18082
15784
16840
8831
32512
23484
25661
20047
9806
14560
23021
13103
24089
13688
29303
20439
8593
14855
9765
26105
27625
21505
3950
7611
7681
5338
7616
32107
26435
26467
25981
2414
13771
20310
12612
8314
29130
18223
14449
26630
2092
12350
7911
23806
2168
2299
8717
23738
23032
23961
5910
14897
19483
9950
7814
13162
1559
2865
12529
23348
6610
13813
26886
19223
15875
14613
11981
12682
29588
11488
10285
4198
6732
536
4785
16283
14506
14917
27276
2082
31508
31311
730
27443
11825
11084
29480
27063
14483
7575
32311
24576
22425
25122
22013
18872
9107
19981
24813
535
7976
23671
25720
21593
22005
25236
14548
28784
20087
18943
27132
6134
21291
17746
27128
5989
22259
13045
14430
24458
30908
8755
8985
21303
27230
11923
1129
7481
16067
9573
8747
8841
25420
10651
4699
25799
18544
18906
18647
26851
32167
15569
12901
30238
17542
14282
248
16689
24363
4990
3375
22475
7643
13102
28959
24641
28650
25071
16466
385
31707
6726
271
1865
713
27636
19164
5782
4870
29715
11842
1630
19969
7010
18896
12417
17773
3806
12387
20222
13215
9874
1188
14690
4920
11951
28113
5767
23045
18143
18881
22138
23331
19415
16418
2237
5223
32555
6918
25263
27388
24935
2206
2632
6990
29275
10820
30985
24615
19382
5311
2867
5400
18903
9667
3896
22555
14047
21176
26991
28278
11275
21692
8203
28899
7489
21995
25422
749
17128
990
26106
6557
22013
11121
6665
5462
21091
16842
9629
13054
13179
32407
9274
6238
24309
27542
2099
32716
12774
3419
12386
18183
25626
2382
1564
25954
13739
27891
14180
3365
6866
31342
24927
31792
23038
7750
16137
16353
20515
29289
12325
28728
20309
29296
11386
9785
19349
17701
30524
12690
18923
16194
9929
20862
17845
892
21654
29929
62
25536
2408
17877
28306
26557
14791
1020
14737
7330
26287
29367
1091
4649
13962
24094
27755
10452
6747
31601
31071
5494
21308
10423
27926
15862
27658
20388
11139
21328
31583
28608
11297
19676
16832
5062
10704
10451
30744
13898
1247
5647
25189
22943
2922
27410
31410
22264
7142
3658
18501
10445
22010
13204
14105
13441
19856
4862
911
22337
29741
31953
3680
14895
11389
28367
11478
12736
15411
3769
18748
11362
4112
11796
26515
29795
1600
15149
25222
18702
13037
17243
29856
4887
21263
27268
25021
14393
24961
31714
21694
21021
602
30727
17793
19582
14458
17439
31505
11915
6499
24182
32281
5004
29515
15418
3999
5833
6511
13441
30702
13991
19113
7309
16852
29461
26181
31055
13838
11046
25361
27179
11009
32255
15539
12539
31915
13044
19263
31574
16600
27886
14601
20754
2969
11536
2744
19463
22514
26778
28060
32022
26835
13837
16450
8811
13897
21904
2373
4862
15094
6290
20582
864
13759
27825
3551
1972
13252
3546
9205
30459
30357
9138
5837
5014
2723
20021
30336
7429
8692
26013
12145
12021
1819
29062
13535
4474
15464
6991
14774
24217
7004
8131
27563
8457
2143
1017
25735
20538
3765
4472
17859
19863
30895
23967
12886
18185
14366
24645
6859
8892
13069
23964
3990
22565
18608
10075
3496
23108
8855
31004
31041
30502
9767
29698
15110
20655
6731
32160
13139
21142
21863
1558
30674
18865
1934
31101
3917
115
29940
24710
8128
1203
13478
29789
17075
31406
18296
10708
29638
8528
6975
30653
19854
27567
20033
23703
2207
21465
18154
26478
28906
19151
29633
18428
17738
27089
18330
10772
13657
18652
17932
24641
29064
7794
13349
8618
367
3225
16733
24376
21601
16166
15561
29691
16452
16187
10897
13514
25247
8207
19876
9002
6133
26861
31146
18290
32082
24704
16699
30252
12323
7501
21582
1213
16458
32641
8948
12617
2162
30701
6214
16849
24736
16463
411
7838
24331
26835
30207
27619
6958
24281
20961
26270
10011
20729
6924
2239
13074
5188
24793
14476
3922
28365
27810
1860
47
27497
22137
17154
6245
6834
21018
24549
3500
25938
18463
31854
15245
21374
3955
1321
18547
28096
23305
15248
8453
6906
12238
9260
15795
8104
30428
8189
26255
8805
32752
13596
26975
22961
2078
19103
30192
18161
6339
23485
5293
8887
21180
26163
27503
24132
31189
6117
17559
24139
21636
32713
3163
21240
13272
17921
14429
20785
14252
12103
19842
4380
8992
28558
30721
30177
21834
4070
27066
17073
14888
27553
29386
8455
18393
2228
2140
23597
23565
20320
11713
30211
3515
25873
29636
30972
18194
11910
567
11113
15281
15666
24530
2042
3866
11234
27710
8065
16228
11937
16492
18426
10289
23000
26923
15561
12768
25786
12282
5186
260
27359
26138
11886
14868
28975
26088
268
11620
12802
15978
25815
32595
29830
15656
18439
8390
29536
19005
27162
11222
5782
19117
1236
30918
1196
31993
1669
32568
20237
1009
16778
22432
15789
5066
13590
28920
32237
30064
21299
20150
14527
21533
26627
25339
21514
2347
1612
22797
25424
23079
7475
25607
2958
23846
6984
26063
24163
30556
17091
585
28789
10730
4877
29386
12049
8440
27523
11728
14609
14596
19318
14064
16131
28281
21366
11023
11911
27524
27600
23765
11513
10275
13397
5471
9552
20607
8541
19764
27974
25979
27148
29051
17850
19341
11220
2411
14930
15309
26427
20482
9316
19275
14815
5626
21783
31910
31159
32761
10949
4058
5531
29960
5540
1114
24327
20806
20390
351
8476
12509
19357
6271
10471
26422
8099
5761
8934
30313
28345
22128
29128
6904
5550
19182
25205
16316
8003
12747
24910
28191
17292
9686
5302
3724
30361
755
209
3364
19030
20590
6283
14003
10160
9615
24541
25058
8953
15471
844
14510
28558
9993
2226
13848
14007
23188
32064
11294
21966
1297
17604
26091
18340
24864
28200
14923
15648
31767
12603
8801
10537
8789
31157
10396
17350
26068
9077
17383
18564
29438
19468
29472
29721
10178
23935
11468
1350
8422
13897
30473
17666
12703
4768
15299
22996
31071
6905
11563
27265
3054
15310
20069
21479
24508
10911
29825
30249
30326
15415
21421
23820
29655
28720
27817
18337
5825
21945
28283
21285
18572
11671
24675
19749
13982
28010
10257
28901
10811
2098
16406
5123
4767
8209
12953
1624
30026
1363
11339
10527
14492
9899
15261
345
31905
22207
4144
18800
30254
2791
20108
17946
45
30514
19478
25216
22325
11179
18236
22432
13150
5850
28659
25327
13395
4493
21603
20547
21416
22488
1504
23281
20846
4954
2589
10802
20229
23234
27804
27852
3122
19090
1129
22510
31345
6947
16904
3419
6797
22505
6572
11466
22637
7161
23978
5261
22833
30664
7468
5490
28542
25654
23338
7655
10773
26315
12694
8289
12459
19264
13527
14590
25333
5697
11129
22121
28162
5489
28195
27134
19405
12463
969
25390
24851
24728
20002
31269
11618
28236
23133
3499
16755
24693
10768
6216
28601
14726
2161
172
27450
27457
16328
18765
18590
9084
17188
25426
5509
22052
8269
10416
31262
10370
19963
16787
6390
8637
10821
30975
8461
17569
15708
17591
17967
30366
5241
1118
4993
22548
18708
15324
19547
29134
2135
19715
20309
23500
11986
29811
12197
16709
19568
3514
30888
26092
9386
25280
20414
4211
32506
2659
26715
32333
23443
6750
32347
17593
24655
12399
19094
17148
4585
5817
9653
2541
11628
1895
19780
23735
13803
21394
32520
11995
2675
29028
24210
17268
6206
13694
22804
20927
32041
15256
31604
21210
11880
16999
28319
23756
30585
32452
3616
11974
25942
10762
19697
21161
29167
20416
23696
30663
983
7800
19030
27374
5694
16374
1797
20387
7455
31893
3232
32427
31162
11751
5759
11728
4933
17564
8098
17633
26591
26021
6982
1019
10693
25241
7094
24327
15560
4439
23396
12932
10239
18157
23608
13703
20409
31160
4392
19711
2997
20173
17929
9278
28054
5784
14756
11957
19345
31939
7693
30463
25449
28505
29488
24354
10653
300
28589
13841
6368
19316
27622
18037
5577
4792
853
17068
15052
13042
24612
12818
8297
5870
25847
17280
30115
16115
10509
10515
31924
6821
31367
24879
16383
14890
23303
4291
4934
6796
10877
21198
13597
4446
29758
8482
9374
7075
4695
14952
32607
5099
6944
10596
31649
5055
19732
20858
21194
1087
27871
9329
12310
8714
18873
25976
30601
30814
23539
7526
31016
6017
12751
9286
25704
2655
7829
25619
4071
20340
24547
14528
26970
22764
11589
4475
8646
22537
26117
14131
27124
22470
20805
23640
21279
27322
9290
23010
10223
28734
17179
15764
20907
13522
28491
3458
7594
29117
22803
25809
30474
28660
18084
19902
26789
21053
17850
31969
31553
19092
7029
20915
17415
16078
26213
16463
14135
8316
9955
2165
4889
31762
8616
24020
30519
841
20632
25993
31689
5825
21983
11491
23921
4843
9535
32105
4392
25638
22440
12830
21624
9768
23818
29187
3565
21152
103
29662
4550
17177
29228
12090
7919
2594
19649
7855
10292
26540
18271
30563
15791
23731
2850
31185
10882
8737
24159
16329
6860
1775
6711
11192
24021
31117
7788
23850
6284
16516
14196
20109
31796
9818
10956
56
21850
7349
23951
21676
1802
6852
18759
537
17986
15067
13059
15652
10663
23389
22698
231
24951
18143
2190
6201
11199
10122
22340
19504
22734
18881
26548
23525
29673
29188
31084
8567
25664
18965
12602
2131
6689
10585
20473
14514
7276
15488
19371
7267
2631
20585
32456
8394
25874
17471
25046
23081
13982
26345
826
27678
26521
17313
12622
23405
23117
8674
2739
11520
7563
15496
26857
30252
19425
29747
22812
16950
27411
236
5953
28950
24521
26379
16226
29562
18822
13143
10550
2062
23257
17008
8693
24059
471
5994
30826
16557
29896
1467
3914
12506
30497
12887
27076
3776
27315
12313
26201
14766
289
15205
7150
18629
8599
22796
3360
16640
22201
23663
9687
27762
22746
6376
14110
14031
2159
16997
25906
13102
27843
16726
15320
12045
2796
32202
23796
30358
10493
26068
32088
11809
20861
13108
9178
25849
11032
13363
24233
17763
30869
7119
25313
1500
21768
7448
19036
32675
73
21978
25548
3703
20388
19580
18694
7586
5842
1320
12193
1590
7464
29229
10176
8855
29455
17313
15660
15161
15284
23114
11942
12459
16129
25023
12155
1749
22475
21962
26456
13694
4685
30481
9312
25105
3797
29429
29564
26272
31933
17083
4850
18985
16797
1513
29498
3608
8383
23539
14861
29966
30419
279
31678
9953
24036
12934
7885
21988
19851
7620
7610
18792
2915
24401
6935
29058
32700
21641
31713
26639
17044
17609
31760
758
29891
9683
29037
23469
14709
32628
12452
28671
25565
12900
18586
16396
11560
9837
2048
3473
1712
9167
297
8297
23667
23524
24
13396
23491
25856
9950
29688
4671
11675
9251
9509
30977
10930
14338
27229
16409
17770
31514
15764
28218
19447
7137
2100
10420
27068
1596
31844
14242
27315
10573
5002
6757
19984
20364
22030
16465
27681
15642
20578
14757
13177
2130
22847
29889
16717
24736
3377
23443
22814
14230
9045
25939
32664
60
32609
28784
15547
30888
9446
30922
18744
12751
28626
32289
11038
18843
13881
11981
1461
2878
14165
10928
8362
27077
31691
29290
27245
2288
2863
22219
31192
18497
6859
31886
21265
1107
6556
18500
29617
621
15774
18062
27174
14935
30282
25743
31830
29292
26716
3233
8580
25073
22233
31559
21368
19877
7505
24676
31450
21145
8033
8362
31456
21314
20861
19284
8233
15053
16108
6168
30440
2738
12564
343
19524
26252
23544
20120
24319
4648
13311
9012
854
5596
20727
25938
15913
32026
601
4374
7004
25412
30927
19478
17277
17090
10483
19726
5287
14931
19290
27604
17062
15520
7633
28046
16987
24087
18918
24866
1122
13558
5291
8174
17139
32678
15286
18106
26374
1355
9068
15082
18619
25753
14976
4088
20216
17641
14006
24866
12884
7564
3821
29536
26420
1887
22108
13209
29491
19615
23836
25878
12744
11007
14822
5175
19491
31736
8479
8549
26711
14177
11537
30791
21438
1087
31612
18233
11417
19422
17485
19194
20216
801
19885
676
2266
7702
24893
24546
22932
25037
9888
18269
16503
2155
1851
30071
24237
27514
32568
6972
28772
10371
32721
18325
24879
29663
18123
28863
32680
3530
20288
12796
5211
3513
16290
4489
24543
30702
30973
25295
17478
20809
11132
6365
7608
9569
5167
7446
3674
13011
18443
32295
16756
12762
12339
2877
27092
26912
7030
12148
32621
1236
2328
8594
68
25597
4309
15349
14477
20494
3107
4298
22032
21178
25784
3712
19154
7689
11340
18556
17138
15020
24992
14351
12753
28814
1727
2469
14965
7595
27779
19007
30512
28453
22364
2339
25724
12436
24909
16849
29482
9630
15671
8762
1468
8649
16218
301
23823
21132
20249
6418
14397
28588
9725
23258
11201
17862
32765
27958
29660
20263
8445
11271
17976
20196
21396
15382
26316
8744
17682
1798
1023
15304
25282
13191
7696
32285
7276
28108
32181
26386
12318
5182
32258
17020
25388
7282
11661
22186
19574
17496
2768
16189
5097
25526
24526
27194
19273
29141
250
27486
17453
4987
29524
6578
1867
17688
15829
11103
20725
30020
27149
17346
14052
9065
30731
10179
23349
22205
18813
3171
20657
372
18456
13205
5201
9267
19258
19279
16385
17863
206
17120
23205
4887
23921
2692
26970
15191
22482
28982
9726
23679
29535
5317
32498
5116
24094
6186
17438
1957
9688
5145
9526
31472
18557
30166
25916
17510
9156
16458
26439
14164
2066
25430
30850
21956
29341
7527
31607
24235
13009
6987
22670
3172
32499
19011
22480
5981
15364
4185
18417
20753
31976
24307
5774
27446
31943
21417
15795
16183
6324
23380
10912
10724
3212
2919
461
20329
30497
9603
25643
23420
27032
31045
6573
4571
1552
6243
17671
17142
29061
4343
1206
30952
7411
8730
9536
28844
10686
7861
18621
13198
27985
29332
10134
25823
22533
32188
20109
6125
17221
14847
32253
16947
27377
24269
3683
7628
5631
30541
32286
4142
12904
7852
3187
26900
26690
22198
1492
3516
26665
11427
9570
25683
30948
8243
12208
5038
2118
253
10954
27450
17233
13827
22390
1846
31138
9099
20409
1311
20489
9002
28317
23660
1655
16930
25906
12156
21789
14830
8403
10445
9426
22298
26282
14446
9909
16984
18551
17847
3860
24529
22156
10551
30605
14521
13084
750
11379
8998
27318
16572
26996
7202
13837
26906
18808
2046
2298
32264
28107
19690
4804
3142
8319
31683
5022
15047
30220
31532
11121
28259
12858
26848
1500
21964
29761
9543
1914
29123
28206
15687
24675
28044
11144
9820
10229
23455
11060
235
26068
10912
20630
21715
11311
26257
28665
31814
10053
6727
31281
12503
17960
25882
2942
28371
24769
6369
25012
8917
32533
29726
32153
21909
9670
19573
29583
18945
19421
15715
12147
16783
24006
12076
12228
23249
29084
18965
31752
15946
4264
10708
23147
3456
14884
25925
2218
18514
836
15966
31791
7308
30839
3685
28030
21433
9194
16992
13007
21304
23885
31694
11772
25234
18139
10644
20894
11275
7060
11578
371
11127
13005
24663
20996
32591
23787
3658
27524
20484
32108
13867
5114
16787
1575
10498
9379
9050
14292
22582
28305
21034
19406
26696
21145
157
27416
23488
4204
22954
5790
27240
4356
12662
25790
22713
12354
14445
14343
25491
18901
25746
21313
5169
3421
1299
28333
4187
24016
13345
12942
15069
16413
6910
15079
14393
7440
15448
2183
11161
23158
14549
835
16391
3969
16879
29059
20960
22638
12034
2304
19590
3428
26787
31947
4182
24736
7732
11410
29914
10191
31157
22815
15167
21691
17885
545
1289
24874
14954
20783
8965
12803
25269
13834
20607
13747
21129
6178
11958
16847
7477
16732
5261
29691
17120
26131
1667
6666
2077
28253
27365
25959
27584
25743
20035
28083
12015
11523
19488
18095
9084
27416
28653
11613
13426
14203
8761
4194
23789
2981
30242
30639
303
1701
27407
3936
24049
28448
30369
23012
503
5782
27366
19807
1511
486
3280
24652
30299
31509
28390
18791
9269
28747
25658
30410
20275
17438
8091
86
24259
29459
21259
6484
7448
12898
25460
17756
10365
27642
1174
21622
3817
15301
20804
27264
18388
21037
13264
5584
74
24543
12996
14618
27966
28367
30162
19603
6176
19580
5902
14934
22962
26997
5211
23047
30487
21020
29987
20407
5420
9386
30796
21000
30236
10355
24167
7058
13615
27244
9258
2949
29923
746
16672
14735
13118
26796
16031
256
14434
29980
15099
18220
21346
32210
11513
272
22868
10074
31622
15417
6824
21815
15785
12002
17080
23335
14007
4957
21919
21417
25286
21172
16463
16317
10083
17039
11998
21483
31880
31320
7457
5766
8648
926
21884
13106
13261
27063
20984
10148
13828
27818
13206
11689
25751
23372
17380
1642
25244
22696
13517
2798
6284
4260
4789
9696
22262
8162
7366
6803
4468
13029
30596
15683
17887
8309
28072
158
25535
836
13099
31874
18437
5841
24225
21001
8445
23437
3272
4291
20094
17981
25185
322
4708
32415
24638
30940
9535
29008
15773
6828
845
14573
15540
10714
1446
8824
11661
20764
7095
20734
4884
893
14577
17527
7791
23134
19138
18414
29837
5306
19141
2786
29186
7086
16694
27115
24850
12344
19368
10913
22027
9791
31738
11961
9689
20691
9095
25201
10964
951
24221
27183
19420
19996
29745
21348
31144
21168
24016
19639
5723
24791
3033
10592
31576
13112
14826
13265
4440
30588
26520
5020
11962
850
18787
19089
12314
23223
17896
3366
32548
27508
21337
31261
31658
8680
18731
30048
31477
15111
31246
10800
20825
30627
10786
30846
6668
5355
13672
20889
12601
11825
31351
18442
5199
27632
23920
22204
7327
9229
30515
9057
18470
20317
17619
16400
1191
30824
27464
12339
12542
1900
25444
13472
18608
4005
8713
8966
28102
460
4248
19595
17628
26590
27052
14259
22389
3614
19977
12676
28817
15709
9679
31208
10114
27257
8692
3922
3323
32548
29168
23972
11882
8166
442
21585
25479
4965
21492
10174
6701
12005
19554
16879
5226
27659
32417
9823
19666
3046
21782
19759
29976
27440
9252
14723
17119
27600
32162
20266
32461
6052
22668
11133
2529
24702
24824
1417
19719
8556
1100
22896
18154
17725
3503
25356
11274
13888
26301
11222
19726
31567
20607
12294
14171
9740
10394
24316
17381
30315
3782
31455
2117
22385
32386
7044
24077
6459
12551
22673
29784
3137
23418
24290
8101
25052
7525
29995
23525
30214
13160
13279
13522
