3830 2553
23410
6150
28363
4971
32628
28561
31935
3603
31530
11677
21066
29857
20278
25243
18223
25755
29842
28394
6236
19716
27846
8768
6593
10461
8798
27212
14946
17132
11675
21658
3755
26300
20841
26550
21764
8933
17553
6036
10406
141
6960
22831
22189
21551
25704
6513
2414
2972
20565
6995
15882
7487
29250
325
14404
31908
29469
1488
26767
14396
18473
10106
30827
9306
16883
19434
28914
14210
1927
7756
12206
31715
20963
11511
7598
14882
31660
2637
23769
16729
14624
29923
24450
28768
3148
19171
7740
25675
18815
19630
24559
28723
16382
29381
18475
16954
23289
23273
8125
22985
20158
4225
2944
13084
9773
13373
9590
19457
17516
18169
11287
26076
11996
7140
15337
10479
13131
13793
18257
3288
15979
5165
16553
10843
30338
12866
10898
23138
28260
16124
652
17986
1183
20219
14788
19776
17141
3656
12332
25428
21007
13627
26065
19757
21871
17564
22122
23924
17319
19720
13100
5973
3784
17814
28390
23100
12574
13755
20553
31452
29210
13931
32391
28022
30608
3713
15393
25944
30499
28257
17401
3492
7165
3804
31919
16210
29891
14164
30250
22648
32199
28448
25973
6345
7040
24113
4813
10076
6456
8438
28152
9648
5
4990
15576
29676
23034
22493
6207
2667
13726
7120
11013
3191
32157
24996
26456
30805
30910
20563
9812
6275
1557
20209
26067
6717
27002
28486
6279
27973
15418
27581
15430
20708
22028
15485
10916
12844
16966
2005
22471
16257
5456
29149
29559
21848
13913
3930
8309
10301
29002
32739
13838
20507
25848
29506
16367
6328
8606
7709
12347
15231
2954
25046
30683
26242
22038
11183
30998
13503
10970
20274
2145
31650
20768
24528
28536
4556
27032
19912
9901
29459
4686
19018
14464
26058
1752
14044
881
1346
4308
9214
19986
21904
23698
8969
24928
17553
1549
28509
7507
15404
29216
12987
15284
10711
18422
26864
13615
8029
7875
9908
31913
28894
13233
18385
1236
29719
15390
18568
17408
17635
10244
20016
10804
13058
26808
8992
15741
15642
4056
10703
20614
15611
23166
2874
1897
10535
31930
9350
7877
3986
16704
30695
10513
11686
20829
9408
13871
18826
14640
11020
6468
12452
31766
32252
16584
32605
19814
10721
21721
5668
16735
4429
4053
24501
2654
1397
1319
19611
5716
15834
19041
10227
8312
29481
13964
10612
2873
8543
11195
26796
5751
13616
7911
5516
17906
10410
20982
6695
3075
21270
29725
2487
3210
28703
7272
225
3111
8758
21143
23354
24493
29748
6700
25097
28627
7745
13250
22607
9517
4597
2208
2052
20571
4542
29838
13476
25217
22402
25064
5866
2551
3717
27632
17883
1857
9356
31592
12551
20033
13891
4449
4108
18347
6876
13390
27483
18106
21241
13148
8767
1825
24268
13318
4635
18245
16252
15843
17139
21161
10187
14531
15661
4265
8183
4347
27801
27500
8413
30205
13488
8980
27236
26412
6681
24887
6425
750
9586
8339
16151
19458
25420
15613
1066
22804
9591
16283
4404
8846
27009
15187
19151
25266
2169
19843
7987
15334
5112
5875
27483
6478
1123
16648
15203
32160
7274
25402
27189
13364
9684
23751
25700
6235
27519
30377
4696
26354
5282
25030
11692
20023
17750
25960
1492
12251
10325
20972
30723
18776
17921
3006
7755
13956
19624
17029
31239
614
11782
10394
7542
14921
13835
16063
6312
14096
32479
2062
11678
4297
26148
14895
4013
28805
26491
15822
12835
13414
73
4940
27181
6649
187
28597
26616
25286
28167
9715
19223
10022
23029
12353
22053
19285
21407
28130
1451
19144
21876
26898
3651
19905
21635
14653
1534
15648
21751
21871
15620
18556
10205
27404
2426
4722
13870
3265
2729
30525
32009
19898
10076
8583
8000
7445
19337
24959
12310
30103
10548
31276
6983
13726
145
22785
20041
13143
13161
27569
1746
24881
10174
2117
27290
5778
15794
7019
19554
20680
23717
4369
16949
66
23454
11058
28910
13824
18668
15088
12538
17736
21773
28644
28767
11675
25806
12722
30205
24807
3764
14304
27156
14846
1947
21480
18439
14151
17053
8587
7520
19891
18485
4457
14867
26611
2212
463
13831
26089
11668
22992
28626
12380
12028
23191
26821
13551
12099
6907
8744
24148
25256
24916
24518
23741
1505
20365
29613
21139
10242
5499
30511
14699
19361
7533
5420
4918
9016
26373
18836
15287
27850
1094
14887
28219
12490
27885
3199
21380
26680
7173
23889
11270
19981
11190
15600
27222
24537
25438
21778
20959
20907
27619
7127
28119
31025
7751
14343
29809
29728
8316
31387
27220
3542
17530
4480
6733
10303
23952
22423
13632
11253
32759
26112
11877
17323
24237
19096
10160
26315
15232
1984
657
30558
7529
16737
26846
30509
16668
15149
25102
6181
30685
3111
18599
11264
26773
11109
13305
14114
26405
14868
10765
10945
22010
11966
11737
2633
17890
17864
32181
32767
18462
23359
5651
9444
9912
4564
19562
32732
30487
27428
5747
15
15056
13629
20888
30352
703
29022
7850
21309
18519
6143
9682
10470
28982
24081
22218
15537
12540
24455
31052
9404
15710
21269
8651
14853
2166
11064
24162
24967
30045
18550
12298
28838
15100
8423
9231
12493
26911
244
8645
18006
17355
18783
16503
32426
26834
20100
14752
18857
29604
15582
19293
25164
4968
9932
7971
27272
18252
8085
2221
32374
13593
1962
12601
690
19978
28204
756
12801
13790
11182
26803
11830
8236
6716
13795
6230
6135
3740
19139
29690
25986
30419
18641
23029
1637
16876
27521
15927
27617
29940
22837
19697
29553
4425
106
8954
19873
12309
21807
25970
18211
30485
732
31909
10272
19103
26112
30257
7628
24803
25243
21100
25149
6769
27278
16640
5757
17403
18511
4312
734
9564
481
22336
12685
474
26628
4679
5994
28072
9641
19048
16151
7343
25512
30570
10831
3727
21685
11397
23930
15328
15761
20422
18814
10429
19837
24757
2007
131
23284
4660
7402
7894
22681
15274
13462
10725
5743
25953
3341
8687
9032
29741
994
2567
25216
14415
31075
3604
10730
25496
32296
18971
31755
10962
32492
5825
12934
5723
25244
32523
11480
17939
20142
17257
22341
11384
1460
3571
7698
1296
5169
15346
8437
2568
16299
24738
15050
11546
27649
25910
12679
22452
27391
27165
8818
30294
27184
19844
32402
21307
29427
31516
11107
1085
12497
26909
7118
28659
29198
26251
30039
11804
5758
7864
5529
18240
24730
30218
3055
6036
23763
9214
23413
22815
21287
11885
6447
6427
30449
10766
14983
7326
18693
25661
10237
30841
24572
23034
26650
24672
2765
8245
30373
29004
414
8521
7194
31518
6361
21446
22872
3461
10881
20083
15258
19489
10695
23955
11432
19945
5336
32104
4943
3018
14586
24054
22542
8848
31959
21513
8722
27658
9496
23417
24677
13161
18230
3757
29538
2282
24205
14174
2668
30901
14259
23709
2527
10500
9735
29208
3399
9095
14221
3225
22992
19976
23289
16335
21758
22091
11273
2385
21406
5432
23064
27872
21757
11579
23793
9708
32343
26604
27617
4698
27282
5867
27408
14981
8748
31758
17168
6787
20339
31935
22199
4265
756
9375
2858
5457
7221
15216
5691
8154
10919
29233
1781
23793
23254
27530
15476
6671
17379
9067
16123
2627
10548
31217
12096
18482
1130
25993
16394
14684
27539
4183
28158
13985
10145
25817
27062
7683
3868
19911
26644
12717
30995
11582
19670
26677
23640
20254
25450
4638
28397
23217
6659
30881
22969
1933
29420
22956
21631
6587
8221
25900
15889
26904
32012
8072
1217
30716
23237
19821
29465
23834
21053
19665
13516
1191
4323
32562
10219
3263
21369
10527
20060
16644
802
27386
29577
31112
10428
14076
23125
24813
10863
26745
1876
26058
1926
24678
31547
23377
1662
19224
29077
3375
2397
29518
30648
19124
31814
18034
28664
11572
4681
28188
21786
7597
17535
8920
21004
23977
18263
7209
467
5990
27179
16846
27588
14645
5399
579
4087
8224
22794
29323
6137
21967
17949
6957
32705
26029
31780
5757
19173
3398
10627
25628
6670
19443
27716
5570
13482
5562
18790
14651
23264
11632
11895
9136
29641
27168
12645
552
27613
27569
657
21326
22443
706
17701
11893
11982
20441
16808
31705
13084
23997
9935
552
22560
15136
19606
27969
16075
22401
11664
12859
6502
10065
2683
29865
3019
21333
27672
20764
23509
30539
30522
12522
1557
13264
18204
2862
2758
6017
16887
14096
1795
9057
7124
13127
28216
28283
31647
1756
30679
11464
30334
7984
5452
7506
21857
20288
1074
9114
22745
21544
20679
4151
28461
742
23709
23745
4267
865
15763
24301
13884
15530
2308
14073
7739
22145
24382
32075
21383
29723
19254
29525
10967
3106
19066
15291
10830
510
4454
23992
3920
25683
24475
6078
26259
29898
30893
17756
27257
23829
5404
23653
7069
13613
24454
17743
18347
16094
21018
4825
29302
31366
2128
23792
21828
31002
22743
17108
26732
3945
19407
22647
11044
20133
16697
806
7572
26143
23468
2410
8495
21074
841
23089
13122
32035
5361
20265
13773
13159
4533
28269
14995
5030
25229
28515
1133
23070
1101
1764
13027
11787
12246
16030
19453
21542
21129
23479
6231
27244
27394
6323
1396
4384
7682
13976
596
9491
6060
10576
2633
28451
3317
25422
20998
27906
29014
1141
19193
5945
13507
28725
28891
18540
7649
3831
5509
10719
5236
16059
7941
18745
28694
14079
27633
15240
7983
25571
20987
29062
14881
31884
27334
8475
22211
22726
8952
26658
12305
18925
16273
3184
30242
31501
19835
32018
23130
7240
12129
30935
11232
23928
15813
32271
6226
31766
11597
26513
25784
26715
12126
23299
12983
17828
236
27733
9736
18971
23441
6799
32296
16788
31964
2509
30800
14261
14315
7815
3495
3418
17724
24086
25015
32055
17600
14452
29981
21440
9777
8004
28805
24133
27558
3602
7126
21858
31333
26587
21930
18070
28152
19920
7937
16690
8579
21335
3894
19061
25428
13139
17458
23797
1724
27301
8927
30528
18461
23539
31711
32196
14149
24743
26751
29676
7162
27451
29670
20620
2262
7861
25747
29055
4182
32621
14854
29327
20525
8470
12988
27540
18142
30204
28257
23008
10121
9099
66
14555
8197
17
1537
3563
17712
7621
5772
27543
6531
1799
7503
12267
25066
4073
30121
542
15570
24815
23197
21362
12163
7955
32459
26460
7600
21772
24734
9957
24396
464
11974
17232
26784
28760
20713
27645
14491
15523
26773
7053
361
10749
24186
16455
16199
11905
20438
17338
12693
22493
28720
13732
27180
27989
13129
7699
26355
29451
21328
15050
27053
29309
1877
11238
533
11343
32256
21442
32301
5963
28803
28183
13523
20646
25037
8808
24213
24964
24064
5533
28870
32191
20006
16110
11985
8164
13344
1026
26062
9855
25310
24664
1619
22169
1750
7143
4237
26494
4782
21761
1679
31684
25660
24957
22761
11144
13745
19221
381
1019
12049
27405
16526
8222
11239
26902
12314
16073
2358
8561
8554
31218
4018
13911
30951
812
20016
20633
31791
2414
30812
21380
18024
11286
7594
2055
22229
7981
19599
792
28070
25837
30192
19283
11029
16512
9435
484
9390
17931
24181
4776
25838
11243
15923
12175
2320
16703
8781
6981
28964
11686
31856
1809
13921
24138
6836
2045
23484
17437
31949
26423
27834
18274
2437
20919
32386
5232
14442
11042
18230
9650
963
2030
16259
12019
14025
4808
631
19928
27668
24882
24467
9134
20564
31601
21282
15462
32065
7078
22729
26334
213
26683
19550
25187
25784
11648
19709
1395
18940
23190
22105
16839
27914
17805
1105
10641
9692
31433
13508
23042
14445
7082
31653
28431
2414
4204
7506
25717
2875
4427
801
2042
30477
19179
24124
24822
9841
8696
27824
12563
8441
23049
5312
29265
12849
9163
19071
30285
7124
22107
29598
2754
14400
22515
15746
18256
8488
31177
6553
26748
11913
19252
21487
23545
25055
10257
30716
25126
4504
1637
30657
26839
26825
18244
18707
856
3872
3825
27958
9135
3354
26694
5805
31010
16501
14166
24913
6137
29929
16210
20641
20101
29971
16297
2137
19297
10162
27763
29510
30968
3349
17936
19544
12871
12500
5132
15865
13541
25535
1862
2973
29760
21012
18258
31130
12841
18933
28443
26427
147
17944
15565
20239
4247
4289
30962
8583
29372
4845
22747
11712
11382
9168
24641
3230
18156
27778
1580
16922
15102
13302
8468
2269
24199
10027
24134
31757
14047
29094
18570
4967
21669
14879
8707
9614
7355
22395
5462
25762
8849
20986
527
2325
30631
1202
26688
7866
5197
29500
14186
10271
15790
10157
1185
3101
3340
11463
27628
429
31821
30833
8427
28157
7095
23141
29372
26820
21752
17193
18206
23250
24425
30528
20695
27371
18835
673
1364
11477
15347
104
5520
18096
22778
2764
28215
134
24152
26449
778
29219
27514
17214
27013
17191
4433
5202
1727
12633
3926
29107
21651
20798
25035
31015
509
15595
1347
5254
29382
9495
4964
13168
25188
30836
7404
19771
11804
5440
25842
16175
2665
14614
24943
23286
10145
8971
9468
14670
2518
7158
5597
9473
6138
22799
5695
12823
9799
27836
446
21834
32734
14759
9258
4026
13231
7188
3467
738
10392
15730
26466
203
15569
17967
12082
27775
29831
25041
31295
32449
31687
18755
9878
17147
32670
18284
7501
24696
8831
27654
2572
979
4068
24750
11213
31920
29496
5175
8927
25513
22005
12356
24625
23692
10506
3350
6605
18627
32127
6050
26787
32275
12379
24039
29576
21898
3526
13694
19326
9906
12139
12403
23862
779
6688
21587
7123
17848
24265
18310
18673
19321
17017
26847
32230
26329
12763
1394
23111
25769
977
8358
31663
13484
20314
651
8891
2708
22713
109
10585
2861
22996
13225
11843
23001
10714
4799
6598
6716
2088
8361
24520
14904
3694
9835
8969
6172
3597
10988
7593
22808
23748
7428
29419
1013
21644
25558
20024
13314
2752
18784
29543
30802
641
29520
9275
13092
24153
24089
32557
3491
21790
3655
15212
21456
28186
27663
26147
19644
18536
32043
1274
25338
29089
28901
16863
12628
4025
12913
1030
18365
25123
30079
6702
15495
24124
28945
23079
24022
27366
15498
22929
5973
32627
776
9190
24615
10694
244
4539
17697
16308
32728
9538
25398
16304
17520
4116
26162
9384
8963
17965
24492
12586
11763
16952
2613
30155
12948
24334
19670
5833
30778
27257
4794
5359
30102
21821
19239
7609
28738
9305
9651
9913
15002
1930
24244
22585
974
14609
12280
2850
28213
2742
14774
24093
24548
17421
30661
9719
16768
13816
5900
15690
8016
10093
16186
30554
24726
32633
9399
14909
2336
20613
30426
1087
14618
10457
32348
24708
24358
19550
12
3823
20655
15272
14277
25411
15481
11315
32669
8072
11133
21997
30560
19889
1013
14837
16445
23675
17075
18083
8382
920
24246
31944
9470
13069
2815
31287
3862
4569
19105
3460
11224
20439
2840
14091
24512
20197
14555
15156
39
26438
565
10742
19642
19269
15440
32666
7467
19995
7827
17090
5926
4627
18477
17321
135
25068
17394
24748
458
14719
32359
29706
27842
16802
25112
20200
23438
17227
3634
26008
15306
22009
23373
4378
6658
19791
8842
2531
16748
10754
31454
32734
982
4598
24749
29617
15837
5028
31643
13633
27488
14527
30367
11128
24628
11287
7769
18758
31001
30397
14757
21477
22765
6248
20592
24162
1568
32535
21706
7769
31848
8696
25149
32256
1718
17289
1885
3942
30056
7933
19873
17661
1216
1249
29553
4951
1941
11007
3200
24621
10824
13187
31836
25253
25082
12124
32580
22740
23548
8165
13625
13954
391
15301
25431
12590
25518
31508
24422
19794
9104
11967
22957
20713
10962
10029
30982
16173
18509
11810
32056
16805
1283
22500
23424
8799
17752
28573
2417
15227
2687
769
27135
32745
26674
20784
4310
370
678
8414
20464
6141
10430
16817
17254
3595
24191
15594
20358
30341
27588
31048
17703
4023
17202
22057
8249
22428
21871
499
5280
13660
9359
4018
23875
23571
11215
4099
351
19156
28550
12592
1058
3566
18776
10908
12917
9581
17581
30562
793
13540
8033
9273
15605
24682
17086
13467
22446
31459
18599
25382
19065
27009
24853
16706
15661
24714
11208
31236
20381
23899
23094
15442
27428
429
11720
4168
21121
13335
9797
7131
25573
10708
29838
6844
16715
15815
1421
3455
21256
14524
14696
25597
22691
28401
6906
9975
31718
22229
11139
25852
6709
32015
5790
26252
14367
31170
25204
28029
21299
19215
28720
926
1557
14556
24755
7323
13009
9684
12680
3872
10094
29103
9754
10561
28871
20660
20772
25626
20374
15484
21098
31410
978
25080
7335
26662
25147
12470
22470
4355
26675
28511
13140
7155
16847
31109
15670
15772
30254
2715
4247
31685
11785
14917
28965
11194
18572
3539
9853
12274
12900
17159
11235
14576
13082
14367
2103
3431
9375
5391
25124
7585
18728
6671
9371
26145
13115
14165
18304
25992
29706
21028
4259
10677
1025
23301
24817
14384
6555
6485
25068
21961
25209
20479
10072
29052
21173
8075
6455
13976
32372
18776
14840
2593
12730
14373
7404
30578
14979
29142
8441
20518
6415
22133
17298
825
2685
20600
8166
28523
8603
23106
28248
13541
25085
31980
6192
18975
4428
11332
13200
22529
13025
9238
31657
8521
24978
10923
6446
31020
31692
23696
20233
3392
21987
26008
24398
1689
26277
19236
15469
17970
8757
11170
23211
16527
30487
5972
13779
15521
8583
26195
24360
31210
18703
12243
10143
482
7256
18088
14923
10392
24385
24330
15129
156
7982
16789
15805
17949
418
12179
10476
1359
24849
23678
22988
15
11247
8385
7081
5834
14861
18879
18409
14491
3109
11030
8770
7859
10676
21797
17706
22270
4359
5324
12943
25092
28057
8306
23753
26637
2204
5709
15309
18824
10198
12253
17059
3757
20142
20154
18714
31330
5511
18064
15802
17499
2892
2152
13306
16006
21836
4905
8883
27046
329
19806
26325
15677
15819
11321
24153
9904
27834
19416
12150
934
17452
23752
4120
7089
29052
2760
8590
23856
29340
16591
13442
24948
6572
28240
2351
31777
28363
12732
24526
22999
25645
3145
27985
29202
4205
754
2132
20559
25381
20670
8785
30833
1981
3654
24851
27234
27264
29297
27757
2301
5109
4227
17451
26668
20076
14166
12873
17997
18903
21990
11619
13531
12763
2324
16237
13386
27175
13987
17572
18226
25861
22919
5828
16560
18478
25439
30844
21002
21475
22336
21791
7057
16441
436
10396
17612
1205
29186
9136
24530
15896
6320
24666
7160
9852
12103
14992
2988
21408
19798
8496
417
12161
20153
29497
18733
24362
28443
15675
15855
3020
16058
27404
1716
16913
21610
16829
30619
23470
24797
13772
24440
10040
1825
29083
17527
16952
7786
8225
21506
22913
16658
20448
2532
17345
19678
535
21166
10839
14467
14904
11609
13412
25193
8604
4142
26661
15534
4982
5347
13952
31342
9478
12295
25820
8770
32271
30624
18742
10758
5514
15634
3185
32736
9884
32322
26350
9341
29126
29180
2909
15006
7772
13202
13267
12244
20536
20934
1308
25223
17839
17642
15442
26941
4548
4166
23214
24345
18076
4794
17311
22946
9266
19109
281
27591
8012
4357
8752
23071
21678
4063
26597
25717
15501
30689
13376
18563
12870
14662
28575
25086
9296
17402
22605
3027
111
4862
28758
9905
12331
1807
32154
26823
14721
21634
20513
23247
22488
2163
17070
9803
8503
26910
10647
6414
2996
13709
9171
511
26416
2164
597
19226
8001
25177
14744
29879
22896
7927
4476
22031
17317
23013
1872
18172
9951
1651
5680
5888
4648
16085
22929
30089
12745
3715
15898
12147
9914
15327
13494
26063
29276
21784
7143
8675
19050
1103
21341
27249
26925
28409
11719
15933
11760
9349
13545
6089
8628
24638
29678
24163
13349
8818
15360
26721
17612
25812
5911
29356
19589
28191
23822
12667
15156
2300
7932
24161
23988
8742
23745
26506
24592
4556
14559
9282
16374
5175
7820
12982
17256
13740
3589
25343
18357
13716
804
21340
31912
9434
10805
8639
24575
17301
22278
22156
3358
25063
29245
27805
13573
18468
20718
6793
21120
27191
10861
16678
28317
27202
8289
9036
2403
11909
3354
19164
31425
3713
3109
16129
24517
23389
28957
28598
26639
18312
8387
31369
6020
29088
81
11422
20551
5779
28428
26102
14565
12036
32281
16881
21199
31728
23185
10514
21774
18065
7640
12291
7986
22402
30762
26585
22667
26917
26998
920
3996
6466
31856
30458
28109
7664
14306
29292
21344
16825
14914
24666
28582
27385
13194
18348
10611
12935
12612
14225
27599
19863
28900
8315
10990
20191
11355
15979
13667
761
5353
30830
9616
27657
28723
22887
1889
8351
2965
1552
1594
4575
31161
21564
14125
31967
20073
26463
21361
2896
19617
30287
30479
26465
15081
7756
14303
18144
20961
26431
10419
12706
31006
23871
7378
1830
17972
25433
16296
1909
29204
9105
21691
25420
14489
16420
13281
6013
22109
10768
21937
6035
6353
16598
1079
2997
13453
8063
1004
9677
21988
15069
18660
20969
8124
13587
3146
17889
3228
2648
22026
13370
26119
31479
20173
9802
17929
22170
28202
16797
22287
3273
22810
31896
17916
9902
1197
1628
6776
3611
28924
26093
27019
17870
4191
5268
5740
30451
12000
6017
5523
30698
28143
23733
26133
12363
10327
24351
13617
32295
21104
22021
24614
145
10902
29606
18504
27485
19931
30494
11603
18472
1273
5513
511
18585
23947
32363
28373
3557
25468
32592
30528
2457
3775
2735
29927
23444
14656
9748
23866
20818
12571
894
1355
27249
15117
18950
22496
1645
6439
20930
12742
8111
27082
22249
22632
14278
29391
26680
16032
22772
11526
5268
3020
20716
9186
7152
6437
2266
32114
10097
22860
7844
16019
19664
24102
9071
8037
24833
28906
9062
1019
24082
28792
23222
27991
24661
27117
15325
30357
32449
8052
11045
12902
662
29023
4971
31936
16960
23926
14373
5332
9086
2190
26788
4929
2243
1630
30870
4231
11741
21391
8654
4030
14292
13842
13128
392
31765
30646
12647
29508
17103
12026
19330
16004
2206
2591
19103
19649
871
20610
23934
17230
28291
3625
26074
11147
25119
7580
10987
27483
14818
1014
5423
8664
20177
21307
22378
15429
2160
1772
10476
22339
2346
3801
29970
16456
31219
31799
9231
11086
14636
1266
24812
28872
28871
20805
206
26586
22443
18311
28536
12489
8794
19016
17680
945
26321
7324
26918
22390
30640
24759
26354
29948
31386
25786
22237
19099
15839
12749
324
5069
4440
4462
7800
10538
9875
32008
22537
3223
15408
11208
28484
1466
6283
12972
11514
25265
6044
27357
32387
12547
20507
4670
25603
726
5095
23109
5100
5219
20392
22794
30660
26024
3507
4253
26153
7260
8239
157
15890
16936
13942
30214
18263
13076
25022
3403
31860
20544
19705
6821
8586
19156
11258
27818
19622
6969
9688
7457
17222
30858
16023
25621
20761
25669
1029
8488
31751
7751
483
3882
14705
5367
16709
21994
2234
9665
22332
28236
5894
16838
18097
3228
20545
19153
14740
1314
356
15501
21815
24311
28659
30198
11764
2327
2762
14094
7702
26038
6170
9937
1015
8152
1199
30058
11109
32540
14452
28327
26186
11736
5176
4267
6284
9579
31922
31459
15155
13519
5827
18747
6858
21870
6396
12177
21767
16951
22112
26985
22958
1264
26219
20963
29362
28110
3667
14315
6045
10563
20365
17072
4147
26647
16275
31319
10834
19898
3301
18672
1821
6361
21837
1961
17242
14895
12648
27713
32535
19870
6498
27328
2196
10622
1793
24422
11869
30773
30949
5345
31927
4103
15118
31427
27197
32048
6302
8242
14283
29232
23264
18145
1947
4711
14730
8768
28590
19169
8255
5872
2926
11635
27992
3706
20625
519
3556
13120
11072
564
6893
10420
9593
29458
23550
5063
7602
4428
21217
1957
20671
886
13485
10911
15093
18081
29697
10088
5264
18733
16522
16005
27986
10207
8139
3071
11117
16691
797
21851
29091
4852
32500
29643
12460
5641
1893
11942
26584
3218
21989
6678
22773
30260
23636
19985
13171
7856
26938
2442
31430
31419
24912
5608
11276
18186
12866
32439
26352
7596
25267
29085
7630
30108
25473
23184
4376
16535
1611
4167
6648
6955
15665
9454
2102
17169
2011
12062
5981
18364
12733
7948
16153
10546
17817
29697
25316
22811
23109
26122
9441
21015
7342
22512
24584
14677
15133
9578
3460
