3830 2553
23433
15853
22340
9574
6526
23280
20955
15880
16039
1409
20031
30165
11410
9995
9728
16050
20959
26299
19051
20549
9450
18831
13393
26796
12715
6320
266
1390
16090
513
24762
10417
20054
9976
14803
32430
31943
3501
9691
30563
1154
10288
11120
10375
26542
26144
22921
3011
1445
1145
10238
27935
8093
4014
16715
7611
4232
19448
6545
16063
15417
30701
30429
14484
31175
7508
20141
12885
32054
25656
7344
7552
1108
7227
5838
10738
19170
28717
25192
13842
2548
30685
12001
3916
1691
7215
22877
5825
29632
367
32200
7740
11091
27621
6427
4456
678
21162
8410
16193
15891
5306
13281
22473
26597
1097
18529
29180
3702
15451
31526
11781
11668
29839
25627
18354
18217
18235
5135
11558
28443
7614
8121
28110
20082
14098
23546
5526
25017
31905
12131
18524
30374
6490
7415
12708
11517
1795
27698
7310
32433
1489
4682
18438
4940
12854
16564
19259
25234
11514
15594
7762
27233
2445
25964
7003
31708
30364
2052
2948
25545
21730
27983
5260
29238
12353
15737
6779
9571
20241
8776
27025
31708
19384
19036
15484
12774
27770
12725
29390
28188
11667
21365
2989
8538
12675
10471
14540
7642
2986
6593
7579
10653
6420
16806
3771
4109
23446
12015
26037
30432
2842
32427
15595
31295
20791
31204
10191
21544
25349
6181
15186
4881
27951
2872
31392
9166
1609
14388
31754
12980
7012
16824
23107
10239
2784
1905
17872
17265
24962
16098
19130
6972
28102
2404
7814
546
7543
11115
2662
6363
22908
18700
17841
3767
21493
19388
21649
21892
31879
21851
16124
19634
3827
25713
13285
10165
28654
3511
27827
5035
19501
28377
25842
24639
11711
15994
14920
12237
31647
7544
18603
29383
6026
3442
22226
12887
3598
12424
26345
28229
3300
13922
32649
4636
4991
6772
231
17800
4581
6016
23116
7171
27070
29788
13253
26544
1450
3573
24603
13191
31448
17044
11013
10419
26837
8800
22429
25400
2977
2341
25361
31193
13320
1363
24475
15673
6703
12362
31667
29248
15982
23508
2435
3008
19549
14579
6811
10073
13362
23518
998
20890
28234
16710
24028
21864
7429
14557
21754
6820
215
22809
24175
22536
29340
24629
9497
7250
22572
9850
17071
29349
18224
1468
6464
9772
18996
23079
24796
26880
31741
60
15761
25164
27932
29718
29081
26543
1987
30194
32721
26081
26072
22510
21101
15514
19784
22801
14826
4527
18078
12684
22597
24446
468
13375
19563
17037
32104
10623
12784
19054
9139
18199
18691
20966
21111
27020
23202
8782
183
29350
11530
26168
30411
28971
7282
12118
19635
30190
11256
5016
8876
14856
8924
9621
18433
31334
2540
19500
17444
11396
7487
15723
30205
28791
1574
8367
15746
25649
29024
7181
25480
15361
21901
20721
13272
17497
32229
3077
32134
12500
11562
11349
28030
23671
27867
1456
30560
24376
23723
16977
16526
7356
5682
1983
16771
12389
30945
25329
4454
23180
29243
16310
4062
21259
5698
28500
24873
9471
7216
623
28776
30668
4968
31277
27709
26977
25772
5272
29080
23997
29584
14404
22734
26545
29743
17201
22764
12008
18716
16626
30026
30502
32156
19471
26979
11469
12306
7849
1763
6821
186
5724
14850
11484
22682
12138
10257
25932
7350
15125
7250
25853
8580
21836
14093
12011
29343
23946
4832
2057
17087
30460
21591
6277
6121
21474
22461
12878
2019
20535
28977
24788
6379
8084
29436
9743
6824
4690
28193
2242
2913
13807
24886
22529
23917
21682
18803
18417
12523
6290
18953
19407
21939
21845
23988
20787
10636
15861
18068
16534
9887
2375
12345
26386
13867
18910
14333
11626
7035
32046
20374
16458
2837
5613
11755
3536
16949
1471
16935
15434
12921
2577
23820
32322
5598
16453
1163
26552
32491
17680
9617
10414
14636
25377
6179
20714
3554
5380
10669
247
16633
24133
8599
11373
23098
16344
29722
20850
3778
19384
5970
18817
24243
7119
11924
5994
15145
12310
1
22170
18544
30717
26715
12189
4212
2829
16664
30177
14712
21708
27829
21181
5387
14305
32077
8625
6968
27768
10602
25072
9726
7656
795
24859
256
2963
9543
848
8572
12558
19264
19555
6785
14723
1691
3691
8541
16979
1856
24961
13909
12543
10685
18628
17818
8264
16352
10401
21624
10389
18308
29265
3791
1942
939
10402
18631
27431
11213
8699
18624
25463
9584
11162
28040
16489
31737
29217
1233
24122
2754
21329
26082
9573
3436
32021
9356
16835
2679
32194
28768
21751
19471
10653
29727
10249
23337
31134
18802
8273
12495
18291
21723
31639
4536
2760
7660
6008
18460
31686
30647
18443
12230
16089
3461
453
18539
32183
10187
23194
16954
4510
15705
9829
14516
8924
9429
12938
4030
24981
31336
25818
9973
15297
3511
16823
22337
13428
27669
7544
28333
16482
23286
32015
7798
19362
22183
27112
3937
19634
26941
15637
4178
2236
28108
9641
4891
27927
5081
28257
27538
8721
14097
18058
1254
15084
24379
4638
307
10022
31851
1329
30547
18686
13176
3723
17144
21811
20145
21911
6903
24591
9932
20348
25063
15268
6175
12169
25835
2902
22547
14038
31948
12441
16085
10024
17739
29948
22862
23830
24245
5479
22358
21866
28087
4768
10788
8650
19828
27412
26377
4248
10197
8661
16991
3094
26656
14047
14012
29902
15309
29855
11371
31537
5525
14006
13596
15486
26315
3578
12250
9957
751
26045
26942
26861
24961
3667
3042
28691
12819
20686
29977
15027
30370
28684
16861
300
6182
15092
10249
31296
10600
5116
28617
16057
19476
4590
8526
4178
27663
7661
15046
2004
17674
12979
651
28288
26200
8476
18842
18093
10492
32232
12872
18354
19463
7356
20272
20742
11041
15467
11888
6310
17253
18548
9493
6327
31346
21452
28371
109
23486
12509
30202
11307
16430
19150
22437
26860
5092
9221
30772
1761
11865
7658
15357
32603
28843
28142
14399
12780
7736
25549
28759
31945
9067
25871
29495
13427
16086
16853
27923
16023
16513
18130
349
21554
21378
12440
244
12024
1486
25621
20633
9719
591
4189
5026
32120
12599
7594
28402
28198
12947
3488
30760
10098
26403
12502
9495
20789
31593
21907
20343
20631
10496
21461
8409
21553
8751
6808
31457
27502
23486
8788
12207
11575
10504
26824
7838
12751
24146
23030
2353
25595
27995
19055
13386
28007
12340
26320
10653
16965
22098
15501
11621
4151
10210
16365
15445
5231
4956
29526
9682
7444
14683
5067
5727
14824
27308
28339
9817
24617
19621
17628
16612
1461
6072
24255
30501
30577
9288
13830
5042
28394
14778
22603
582
11069
21456
26403
24506
4405
21042
22875
17968
5812
17998
24961
10642
32084
21346
7590
22587
8269
21719
29795
29683
22938
16081
17178
30497
16983
27908
16766
6716
21102
21449
15958
11651
9074
18289
6526
15086
23243
19929
7982
1124
32532
11838
10366
12846
15553
13139
9514
17836
24069
21393
29331
9286
31219
13263
9223
20134
7907
14354
8258
6180
31767
5798
14389
29314
20126
8558
6918
8666
5497
14712
19287
27860
20733
8404
31179
7452
20856
7847
26822
25620
22807
10619
15733
30662
5383
3033
25103
31772
12763
14106
23898
3155
3886
14458
17264
30893
22153
1134
9155
3174
31111
3128
6239
28650
23350
20920
23151
31557
10433
28037
3
3291
9548
15164
18192
14425
27936
8216
4536
25067
29704
8131
30668
6576
17146
13164
4496
19307
14586
5914
24510
5755
21308
320
29901
25101
16521
30865
17266
400
17379
15381
13928
32105
10860
29053
30061
21480
22660
3508
31629
18043
12850
11190
25250
1826
25285
17829
2076
23075
18363
1050
28414
32767
737
6073
809
31652
30652
20744
8669
2276
14376
27265
2941
22310
9279
14565
8850
23644
16764
13780
7187
21557
3360
6299
1252
16275
19925
29005
16540
30783
10386
31253
25995
11484
31934
4810
6652
22809
19352
6852
22199
3627
11990
7406
13002
8059
8844
541
7305
1947
9808
15776
9172
6527
31132
10265
14744
20970
30580
31883
2200
23846
21832
11187
19310
9464
18715
31132
17356
31443
23269
6510
14088
12876
25910
15238
5080
16334
2333
16844
9562
12175
6472
3649
30551
2242
16492
8152
20424
28943
26344
29063
24985
9280
7077
20381
7342
5181
1088
5974
16164
17722
6251
5293
3033
14895
11408
29297
18990
1416
4024
28827
29451
21022
16556
21727
12068
30823
32345
18817
2683
29673
14201
7786
294
19701
7536
8315
18771
19089
24180
31521
32393
182
19185
22570
4657
3772
27180
12759
9556
8722
16934
2866
12198
4402
22211
673
6084
8916
9259
29372
8378
21858
6257
5468
20680
15021
20595
23796
13670
15326
7169
30757
10373
22959
3393
13196
31512
15579
5969
11743
10451
10962
47
4664
31026
12978
10710
19632
12734
9843
30378
27952
15756
13409
19734
11396
28166
13520
32372
18353
14573
11
5421
9609
6047
24717
20001
31356
27542
30068
16713
24241
3122
6450
32154
2646
25016
8326
7213
11316
12698
1451
3742
3718
32761
21455
11442
32267
10856
26310
17724
10074
8179
21248
13889
24182
23136
2488
20570
1186
31924
3439
2394
118
15097
19097
16945
31795
28479
26774
9232
24148
32737
9955
22734
12389
31497
6802
8843
26648
2934
24567
5779
18070
10877
5285
32644
16915
13134
11673
10932
11685
15225
32180
9421
4950
21681
111
10682
29816
7119
15562
19399
25656
14618
21637
5635
12406
13765
5011
11753
3284
19129
5068
14400
29709
3221
18658
1344
13193
6387
2198
18422
21806
10478
25387
23786
23416
11489
24603
25598
972
21872
29450
12697
777
11725
15608
23301
28769
11060
28090
25110
21095
21944
22955
17421
616
28226
6047
28603
23039
13783
15128
26346
24292
14873
32445
3832
24837
19217
29447
29893
16088
32299
1342
2000
17391
25218
29348
4252
21965
19038
31728
26201
25336
19963
27901
10176
18511
27533
19652
31551
8350
26752
18824
6742
12912
22532
13648
11329
28708
27337
9882
13271
15939
27655
4430
5298
29713
4034
27633
29584
19042
30284
13595
30201
11439
2315
27947
9506
8297
5244
22585
30738
13965
17272
7244
18691
15225
24503
4045
14859
6398
31634
19516
19707
7862
26893
22818
12936
9368
8724
839
5288
15305
1541
13348
24639
25013
4207
23963
20987
26975
27930
19942
19068
3829
3399
32718
11705
27048
8760
15133
20895
12219
8435
6485
16379
217
13124
17058
20377
10923
14849
30478
22701
7082
17553
14324
2163
30770
8623
9655
6163
1496
28012
26035
27335
24830
16499
9332
22335
12453
25745
2086
8261
19586
12917
10061
24733
2387
31924
22455
28207
8051
11280
27054
30824
24492
28921
9074
26077
10829
11860
4326
13617
23677
380
31625
25913
10191
2950
7848
10335
2071
24522
27602
26436
19323
15262
29581
22186
24781
27493
17991
9360
24600
201
24975
158
376
15940
32133
964
30255
23525
20111
15135
22518
2385
3918
23068
8849
20744
26321
22495
27558
16617
32520
31718
19663
31737
24443
7657
13294
6496
24635
7429
3521
29876
18713
21018
32438
21370
28951
370
7680
1002
29212
4003
26346
22771
17644
32182
21611
10111
22870
28808
23291
10488
32432
18289
13478
26379
12416
1572
13151
5292
7036
5590
3478
30810
28341
8611
22797
19364
19727
4653
10215
13292
29428
27782
31746
14443
25673
6224
1158
22901
13985
20770
22974
11518
19377
18222
11047
9310
4101
13089
5063
24401
4593
24907
2240
12354
1225
30720
5669
13769
1108
32062
24076
11634
11391
24463
3557
25536
22863
1585
15882
25969
8985
11381
28567
22020
27381
3173
7291
3961
2928
7337
3535
28504
385
26028
27751
29940
8639
12794
16295
5361
11728
7661
20120
26116
24101
19080
5947
2810
13284
14243
20510
32252
10022
2376
10284
8465
1379
15454
14537
14308
5162
3716
24095
11976
19478
7488
27058
21241
16381
89
25403
24612
1130
25473
19379
1834
11086
25399
5806
21026
10226
12524
19946
2461
12080
16997
4904
32557
26595
4192
29754
24872
32668
10362
17758
31657
30615
5712
30154
2776
15853
26597
4744
619
26378
20804
27524
28269
7010
13158
3812
20798
3424
2645
3735
8924
2975
1682
17457
21856
861
21940
1782
716
1837
24147
2100
10243
11755
29476
18903
4377
24053
16741
25399
23245
22680
32380
2100
11604
6601
6363
1669
5209
24598
28710
11597
6209
28892
22680
21231
31923
27833
28067
27940
18520
18500
30678
28491
31199
15612
27140
25344
3653
18047
14755
28399
15443
32765
5746
16362
2408
30187
17759
2106
7032
16380
8871
2355
27733
30541
3903
23308
16941
23775
19827
26349
4436
17483
4301
18248
11076
5809
17720
621
24291
498
20837
21337
28164
10271
22638
29903
31791
25393
16057
8875
23205
28922
30240
17778
21919
7003
21838
31789
26327
12472
32364
30840
29001
24745
6398
24790
27195
20722
25351
11591
4987
32438
23924
12829
10984
16359
6071
19723
13107
30977
24243
26751
14823
23288
21208
18737
16039
15726
10639
23036
8119
26922
7640
27118
12223
26310
21553
4251
22731
9639
13755
11446
28821
3891
1688
12514
8711
23101
15255
12997
4092
12996
21267
28766
5447
2526
13592
16281
17910
8687
24264
7201
5592
11038
23805
18294
18492
1034
23088
12095
3324
29368
17306
3553
28346
27089
18840
31056
30314
11786
16212
21542
10256
28643
7586
21746
15563
11668
11560
6098
15891
28996
7106
28228
26175
16253
293
24889
27210
18909
5826
6507
4310
14862
9965
8689
14961
10488
30526
14608
16152
5684
12855
9045
17657
29636
5160
13536
29821
6658
24400
1283
11654
14295
23365
12
8694
4909
25494
19294
31088
11687
18862
12231
25186
8591
3579
32269
13379
19216
13392
8650
1817
4517
14216
22138
25663
26065
24685
13011
29797
18193
984
32341
20184
26127
27673
1313
19972
14104
29080
24078
3383
2256
1725
22266
29607
29476
15118
31582
28855
12929
31127
26917
19830
17219
1679
26559
14184
20849
56
30065
26762
20647
26375
16111
4240
20563
28933
13612
25457
24612
11381
13681
28965
6336
13751
30637
10925
7350
1132
14092
14421
9651
5083
18634
1334
29176
27284
5450
9214
9739
17746
10082
28916
30381
26918
17913
5430
12045
24786
19413
20293
26427
10611
12718
9412
32479
4708
32391
24957
12331
21598
4670
1957
20238
9188
32353
5473
2219
17118
24899
17289
14089
21892
30543
8619
7436
32381
22173
13139
7844
1608
2243
29321
18756
4572
30446
23452
16534
11403
23601
26142
25453
10540
12828
3888
15611
7801
19345
22784
5700
694
4563
25487
15314
10900
6112
696
19370
12116
30721
30062
8064
47
12191
8773
10023
8950
27992
32051
18251
26614
1362
31384
4194
5406
32719
13181
25056
19556
30210
7961
19882
12644
12578
1434
20430
4682
16316
4130
11889
6131
30029
6671
5641
16719
2064
10111
17868
11786
16661
9491
24679
31851
29331
21748
13556
15996
10367
3348
5158
19051
18269
10935
1479
27184
3415
24369
29285
11888
10636
14833
5448
26785
23978
5054
19111
4208
23999
16193
3611
6239
25164
8900
15699
30131
8348
7993
29450
24461
7507
26750
3638
2391
3402
13023
14722
23649
14490
23005
1791
29900
5111
25645
29718
26024
1088
2308
27074
2137
83
6802
3324
23359
1318
31180
29558
13206
4116
30575
4235
18074
4980
17986
28278
19951
6512
25243
1987
19265
2325
4900
21764
12072
16806
26335
25285
26446
54
21608
962
6099
17269
24187
29527
1008
8651
25013
31799
27099
17827
28575
30561
21995
1034
23272
14160
12541
16760
22770
13170
3606
6381
23697
2012
31562
31040
3599
7484
23004
11444
1139
3343
422
32461
9218
5652
13243
29794
17927
13568
8268
18930
3536
13683
968
11324
3833
20267
8007
24329
10477
9080
4137
17997
15273
12015
19194
1390
6595
867
15769
10468
23467
24081
23706
3586
30770
28187
8168
32019
17992
24376
12975
10665
19466
31913
23161
3378
32508
111
22935
20428
22930
25275
20674
13147
27126
15782
25602
13528
15877
6434
9935
22508
20634
13104
4982
20669
23568
6228
4543
8
13826
8262
20685
30064
6229
8939
30789
27669
31609
31107
29875
30057
26091
8228
25385
17983
21759
2919
24617
23077
8924
1633
15812
24820
3528
11477
25860
10917
17574
21927
26248
1382
7356
404
32366
16877
21690
8737
3958
21005
2296
19665
22883
13703
15616
11931
28325
10530
7756
21403
11574
19454
25681
5896
16066
12069
29116
20326
25610
867
6907
2813
3978
22872
13823
28809
4953
10187
22336
6195
26194
3137
24578
28864
17521
31182
16855
1289
11903
18988
7014
13739
3314
25866
4714
15103
31247
29094
3838
845
30545
18078
15383
16700
4622
3076
29010
16013
15192
17328
27120
18185
22306
11226
27934
16312
18083
12264
19322
15956
29184
23428
21972
13565
5413
1010
12593
1582
21491
7072
11286
5360
22945
25599
30979
9550
1884
29074
29245
8456
30257
13893
19152
5260
20525
1535
20693
30753
17603
18810
9457
6502
7277
21331
2846
14587
12182
2909
14510
12414
17592
25659
17293
13497
6594
20270
5830
2073
7356
8747
4168
12642
6061
9265
11243
2722
21437
13273
24494
15460
30615
15407
3394
31013
9489
27584
11469
3340
6671
25076
5352
5589
22692
18078
1001
30479
6779
32722
20072
24199
4982
31223
22268
27908
18324
13852
13126
22324
30744
4752
8753
4839
27624
428
14199
25723
5939
8948
24680
24727
26198
29279
9703
13853
12289
498
20405
21593
4757
29075
19698
16767
16593
6429
1504
13652
430
6320
31467
19499
26503
17227
21734
26131
637
6044
19096
1615
4634
15126
32631
18182
31285
11077
16307
13628
32533
6494
15734
10497
3289
9243
13163
28136
3606
25541
4221
20411
5571
31890
4321
24429
24658
11058
26710
1104
28704
32677
25003
11656
18703
14927
6018
14272
3953
32590
10837
23324
3625
21515
6070
13678
26636
6927
5851
17580
30862
537
7769
26018
10138
5741
30512
10980
13505
29550
264
8199
15767
16239
3002
19728
858
27335
27154
3629
13269
25891
8660
5027
14724
15649
23804
7688
22265
24090
74
19122
4478
24638
2814
1135
12028
7911
9185
27766
19228
2343
30596
20382
18347
24739
19404
31694
7235
23205
27822
2485
18728
22380
22072
28347
29040
9159
16337
27447
24679
30946
27841
10466
32305
11871
26100
7564
30641
21160
250
1549
7594
7556
22611
3455
16164
28905
6378
29866
786
23570
18655
19904
1329
21712
27529
8267
14899
6949
9916
2403
24349
31503
19783
11300
30702
24738
29377
1631
8577
29273
27782
32144
15028
9646
25596
14352
10442
488
24091
5772
15118
1333
23596
25014
29113
24568
31184
58
11286
31332
11333
18676
484
30794
1765
17760
19452
12079
10479
30802
8244
17058
14474
31975
17538
23245
3847
4539
23909
10569
31335
25692
23424
12343
14365
12543
27784
32652
3349
2674
29537
23724
7924
24146
19332
2107
29346
2430
23460
5679
13318
4299
15249
3114
11024
20986
29020
14856
509
16615
2492
179
16598
1282
4016
31551
8762
2819
10086
15923
9566
24282
20572
8484
338
25061
4805
18057
23942
12646
7214
21962
29580
20788
3937
7066
32287
28337
2954
1159
6501
20475
11928
9679
30833
17255
5862
18550
5132
9003
10267
10901
14005
16730
5967
27381
2534
20502
623
21212
2201
6657
5858
29223
31499
7924
2924
16793
24512
26868
29011
16243
26055
11617
8385
14917
23615
3697
17514
15875
15130
4317
18542
22363
10529
6618
12417
8518
9016
2379
6473
20702
10468
17461
26887
13167
4618
17267
29562
21200
29178
31403
5377
13300
11179
11136
2303
25532
6984
30985
32643
17935
30956
20354
13865
23341
22699
29762
6203
28480
27601
20973
10780
26677
26478
21739
17383
9673
13330
27673
24403
10215
19157
446
31962
28465
25498
192
25626
19421
22677
14872
17275
3778
25355
16003
29458
20658
5465
122
24261
17419
13880
21093
23472
17545
24895
5388
27848
6494
4266
10830
15038
7557
29785
21
17191
16979
14876
18313
729
8271
11053
11396
8088
2627
17150
8518
21746
22163
9013
4715
10343
21198
2293
5914
10445
5507
10080
29054
15603
8790
2906
29562
17797
5202
27791
7064
5679
17025
4023
32323
2565
4794
7705
20279
14115
28347
5709
7989
1424
3960
14919
8699
11625
4786
7825
4211
24635
3786
16088
31531
8624
6360
15274
8453
4974
28920
9598
7728
14396
18660
30965
1878
29286
22728
12383
17687
16739
13905
3713
17335
694
8711
1686
19219
14866
16094
26003
4826
9409
26631
8367
26361
7239
6412
27939
28759
3138
7196
1326
30147
32660
29348
15965
10539
2244
11295
21769
21774
2466
7982
4385
32307
7722
14571
10282
19868
11947
22138
131
22198
27945
23778
14830
3538
16895
795
8012
728
27592
617
26024
13370
22144
8424
23671
3624
28135
19047
29470
27139
28454
11129
14261
8723
32181
714
13067
3452
32636
7344
17898
30830
1081
11522
27548
27805
15393
31533
1453
24049
16842
5252
5363
3966
15176
30936
972
17590
5783
30025
26023
4829
25913
8539
20422
26302
6943
12877
12098
4765
13517
6310
16463
30828
2234
7184
2753
9282
18421
26985
1999
27400
29198
18200
21783
24950
16436
25501
6371
16190
19355
29292
31659
646
29473
2812
23259
26524
17456
32283
6357
2277
27366
5508
11834
15127
28019
29107
24678
31144
14019
31224
16697
30599
13406
4811
23581
10249
2956
3679
13380
21542
10684
2938
30770
4069
13350
13955
3708
9237
6832
8413
24527
16446
21006
8819
563
2263
31022
31124
10641
21945
28115
7426
371
13524
5248
29765
21516
1313
22423
27205
8824
15831
8642
3608
4677
13794
22418
13849
21553
32657
5222
22842
26677
11407
11919
4763
25283
3604
18097
859
5965
17756
26220
1710
19462
14425
29244
27695
23276
16037
29342
11384
25606
6842
30837
19440
29930
4965
8363
24549
18819
16760
31515
27099
2577
26048
22703
32035
10865
23350
17605
25263
20127
31097
11736
12068
22649
31612
348
32561
710
15996
16105
20000
11638
27958
18076
6826
16171
27478
26299
19984
16377
5426
27799
6503
4458
10168
15543
15667
26566
25765
13874
28472
26769
18169
25949
21133
4692
23463
18854
13810
20897
4752
12992
3171
26449
7090
30977
21486
1040
9373
5384
24257
15644
2599
23202
12935
15945
21089
23279
29173
23881
714
12736
1183
29226
9922
16964
28945
6432
6721
9956
7451
16773
27848
22635
26732
11806
28824
20586
21858
19104
18979
10971
13345
31346
5056
2820
995
17589
27042
18334
32399
386
29195
8759
652
27762
13757
3541
20183
16484
23730
18652
17747
16506
8972
20017
10081
21093
6735
24992
177
3555
2766
15227
13400
25989
2403
6020
24610
19638
5475
11021
2601
32505
21201
18014
19622
19570
13522
9559
29704
4008
11361
13143
17219
12425
12100
18012
21099
22703
11071
5483
15233
15585
14727
28210
2445
8157
9849
28140
7660
29268
8588
16773
32748
13367
10629
12542
19094
31537
2282
31252
11467
17013
30392
15900
12179
26553
12120
1842
14001
31106
6608
10386
28539
15011
19767
32326
8680
32512
2667
20482
6123
17816
32262
23372
3839
13251
24205
18655
26627
21943
15083
4434
2377
18513
3358
5365
9962
12307
25905
27388
25948
8553
16490
11231
2630
24112
24772
15104
12178
3192
14495
21391
11460
19081
16055
23722
10891
17445
15955
18633
5270
11533
30655
1114
23977
17607
9467
14248
18928
18333
14005
24577
13203
28905
23925
1048
32138
29328
13080
1960
10419
1485
6271
25178
16162
31024
7048
15849
2488
24550
31037
16260
17399
17978
4172
116
16916
3932
22456
31230
15694
24673
11725
26763
14975
15500
4953
27142
16113
14028
10009
23430
18290
23685
30066
14893
13739
15763
28769
2896
10157
13709
9141
4055
28109
23110
31100
18151
4786
13210
8891
959
10668
8295
30818
6880
22343
3289
26750
27249
18465
24043
17329
16865
2552
13866
32479
27854
31495
30652
15659
25894
17299
10146
13858
28812
3521
5690
19509
11517
28586
28936
26477
20659
15281
8629
26714
8521
11029
7768
18253
26145
5826
3829
13255
23043
12909
27715
18480
24582
32223
31667
9676
32692
24721
19629
3308
27753
9082
6941
17761
7164
15653
15150
27446
12449
9222
29269
29599
14862
6926
24978
32300
4573
11389
25843
17986
22322
18168
3161
18636
19869
12507
4478
29230
9026
17872
28471
26746
25143
12961
32247
17895
4397
9034
