20 31 57 101 107 110 122 131 179 197 200 204 207 208 220
439 508 592 743 757 793 793 809 811 817 875 876 927 947 953
63 76 114 235 306 378 381 389 390 392 401 412 423 431 438
143 159 174 268 394 412 450 466 475 511 565 574 591 611 622
164 337 400 428 454 507 508 517 525 532 534 534 549 564 570
253 268 269 297 316 327 340 351 355 382 394 403 412 439 443
70 88 213 222 250 264 294 322 328 336 343 352 361 382 382
240 383 506 515 521 528 543 557 559 587 591 621 636 645 658
160 169 175 187 198 264 275 296 318 344 357 374 380 380 391
632 657 714 721 814 830 839 857 877 884 888 910 914 939 940
494 499 548 562 585 592 594 626 641 650 680 680 687 708 714
280 304 344 358 370 372 374 395 404 446 451 462 476 478 479
31 51 88 132 138 141 153 162 176 210 228 231 235 239 251
105 179 193 276 354 390 399 405 436 450 453 480 503 510 514
1 78 82 91 99 106 149 203 205 254 254 295 319 368 373
328 371 378 398 449 478 491 517 559 583 600 626 634 648 657
151 201 219 365 369 418 432 443 447 500 511 521 527 575 589
132 286 413 421 436 478 532 586 622 651 671 678 684 696 711
67 71 120 149 213 213 214 218 231 277 281 297 326 327 331
112 200 224 244 307 327 338 346 364 371 388 397 408 417 429
235 288 292 355 370 392 412 434 434 441 442 452 453 483 490
50 68 151 214 218 267 281 296 360 370 376 424 438 444 473
54 80 110 116 116 117 141 152 165 193 201 219 220 228 241
164 173 290 343 344 361 370 370 385 400 406 406 408 431 442
193 298 364 372 412 447 469 476 547 552 561 579 580 583 592
295 374 398 497 505 523 525 536 537 547 554 562 566 586 598
15 31 156 174 250 268 322 338 363 399 421 462 503 538 538
279 469 538 588 599 602 618 639 648 652 665 671 676 695 706
11 19 35 39 123 174 184 240 249 271 282 286 306 314 316
41 174 179 199 210 236 280 286 289 301 310 376 378 379 383
26 83 174 193 231 231 247 262 273 290 296 309 309 310 333
48 83 188 216 350 364 367 391 435 444 459 480 501 509 512
49 212 226 242 263 272 276 300 319 330 354 358 366 380 386
297 412 438 481 503 570 593 604 613 642 646 646 663 672 694
428 437 633 657 668 675 678 687 707 724 733 742 748 748 748
165 236 262 329 345 416 436 441 454 455 493 500 500 509 519
414 440 467 523 546 625 645 646 664 695 718 739 744 764 774
189 310 431 436 446 455 464 468 473 484 523 561 593 598 606
307 430 448 479 482 502 513 514 528 558 564 564 565 600 613
117 280 331 398 402 437 452 480 514 515 544 544 549 550 562
152 177 379 391 407 428 435 445 481 484 486 495 503 506 508
15 24 42 53 121 130 175 212 239 242 256 276 279 307 311
216 322 345 364 375 390 390 441 453 466 470 471 489 504 534
26 80 124 190 196 196 197 208 215 221 234 245 273 281 299
9 46 60 90 124 132 139 148 178 178 214 222 243 257 272
173 197 255 260 279 304 314 319 324 333 335 340 345 349 361
376 548 630 631 708 721 729 730 736 779 821 833 835 850 877
122 213 280 296 296 322 323 361 364 377 403 435 439 439 440
423 451 585 602 611 624 626 659 670 685 694 755 785 791 798
303 377 645 667 694 695 708 724 745 754 758 782 792 801 804
93 107 130 137 139 171 195 225 225 253 261 304 309 319 324
57 65 77 88 158 164 167 188 236 254 257 261 264 265 277
178 467 583 608 609 662 688 718 724 724 725 749 760 773 801
553 585 623 666 683 690 699 705 709 717 728 737 744 760 772
98 124 152 175 187 212 233 238 242 262 268 268 269 269 293
247 256 344 452 476 487 497 506 526 531 543 552 561 567 567
172 254 255 332 345 353 360 376 403 445 457 459 474 501 508
125 141 156 182 207 243 268 306 376 382 394 407 420 420 427
13 49 178 258 383 406 479 494 496 497 508 519 525 539 541
5 193 220 397 417 428 444 454 456 493 494 498 504 507 519
20 171 391 453 473 474 551 560 563 564 570 572 576 579 610
599 750 816 844 878 964 1006 1023 1032 1047 1068 1080 1080 1091 1110
25 182 225 245 256 282 307 323 326 332 335 338 347 356 376
74 105 171 298 300 348 398 405 413 413 424 425 436 450 454
239 254 263 281 292 360 369 414 451 474 481 495 509 515 518
20 191 371 433 453 454 531 543 544 550 552 556 559 580 591
234 261 324 391 397 406 436 444 448 469 510 511 514 526 534
101 121 132 158 208 211 223 232 280 298 301 305 308 309 321
296 418 483 509 509 539 554 576 591 592 618 619 629 632 633
108 305 319 335 356 365 369 393 412 423 434 451 459 479 487
279 303 314 333 353 428 437 484 488 489 493 526 550 563 574
42 82 159 258 258 289 291 294 295 305 309 328 335 337 346
165 187 212 219 245 275 281 281 282 306 317 331 334 358 366
391 530 546 551 560 566 578 589 624 655 666 687 709 735 748
30 196 220 227 247 258 260 274 284 286 290 311 312 320 328
30 44 81 90 94 118 137 148 176 184 197 204 227 242 246
187 344 352 392 399 399 406 423 432 462 468 468 469 493 504
301 309 419 439 450 451 476 479 508 520 526 541 550 550 559
460 570 631 651 719 849 869 900 907 912 918 922 923 925 927
117 163 214 281 285 320 335 363 397 398 427 427 432 433 445
301 439 483 526 759 800 801 825 831 839 843 851 900 902 911
24 64 78 90 94 115 124 166 171 182 196 210 233 238 247
25 152 283 293 332 343 351 367 418 455 462 488 495 506 513
64 146 150 199 213 292 310 356 360 376 405 406 417 427 431
268 318 377 524 526 546 552 557 583 594 603 607 627 633 636
14 37 44 46 78 93 102 132 132 160 168 211 226 231 241
90 114 154 168 184 205 214 256 261 272 286 293 300 301 323
77 115 124 130 142 233 251 275 312 331 356 357 369 372 376
99 117 132 146 159 169 176 178 210 224 225 234 241 242 264
9 15 27 38 115 136 160 197 241 254 257 261 292 294 296
143 432 458 503 519 544 554 568 596 599 640 660 666 671 697
74 179 226 245 339 372 376 422 472 479 487 498 499 510 524
356 482 483 561 572 628 689 699 747 777 778 784 808 859 862
212 283 308 377 399 431 435 457 487 493 493 494 518 529 543
195 320 436 490 516 533 546 552 553 562 563 577 588 601 603
4 53 67 82 146 146 164 210 214 230 259 260 271 281 285
204 607 648 670 674 748 836 845 848 919 931 943 947 956 969
380 450 469 493 493 495 552 571 579 600 624 630 639 643 662
29 78 121 177 191 230 234 266 290 297 312 334 373 376 376
976 982 1097 1114 1134 1149 1165 1218 1223 1233 1242 1251 1255 1260 1268
362 411 435 475 489 500 501 505 526 535 572 577 582 593 597
303 391 405 421 442 451 455 479 498 501 509 537 545 555 565
148 216 254 255 273 332 336 345 353 403 457 459 472 508 520
136 243 252 289 303 307 331 333 375 382 396 407 420 421 421
59 250 304 330 360 366 366 367 391 402 415 431 443 451 469
9 37 51 81 115 123 130 139 169 169 205 213 248 252 263
171 245 276 283 309 392 441 469 471 517 519 534 543 565 569
123 132 143 160 174 204 238 253 262 292 292 313 328 336 371
209 238 258 271 281 413 436 570 585 641 664 681 699 735 737
56 71 146 149 150 231 240 248 255 352 403 403 425 434 468
339 413 518 565 568 584 711 715 761 763 811 818 826 833 837
112 132 234 259 312 328 336 419 439 450 476 481 500 509 520
116 125 170 196 226 232 233 257 268 281 309 317 320 335 336
43 70 121 150 231 255 298 320 328 329 338 351 355 358 369
64 82 86 135 149 228 246 292 296 312 341 342 353 363 367
358 454 501 610 630 650 719 781 787 799 841 846 852 867 897
63 175 249 261 273 299 304 340 359 362 365 365 366 387 390
35 48 236 264 398 411 412 415 439 464 468 483 492 528 531
687 701 717 764 831 883 907 914 934 936 945 947 961 971 973
24 88 102 114 118 139 148 190 195 206 220 234 257 262 271
25 177 308 318 357 368 376 392 393 437 463 480 488 499 520
352 393 418 420 570 570 593 656 697 700 701 704 711 750 761
53 57 120 135 157 177 199 199 206 207 217 218 235 255 267
122 502 544 584 661 683 705 760 760 791 793 796 797 807 811
30 166 190 197 217 228 230 244 254 256 260 281 290 298 304
330 561 581 581 592 605 616 618 635 655 662 668 671 683 692
43 78 107 113 188 212 255 295 308 312 315 326 352 363 371
87 171 248 291 329 448 451 479 494 501 518 536 555 573 581
90 146 217 295 296 377 386 394 401 458 459 468 474 482 498
406 534 768 803 850 851 919 928 940 941 949 956 959 999 1002
26 109 200 205 219 236 257 264 273 299 307 322 335 335 336
108 197 211 227 248 257 261 285 304 315 343 351 371 379 409
208 296 350 420 518 544 572 595 607 625 653 658 662 682 688
49 172 197 227 241 278 287 291 300 313 315 334 345 367 373
165 178 227 368 436 535 573 584 599 657 671 672 674 675 682
150 226 300 320 405 451 459 471 491 529 549 552 560 565 566
123 134 142 158 162 297 307 363 372 394 405 409 429 437 439
202 271 295 398 475 517 530 592 599 621 642 643 646 649 669
125 195 241 295 321 351 357 358 367 368 382 393 406 434 442
24 131 151 162 173 188 212 224 232 241 253 255 290 310 319
8 91 92 112 169 173 197 228 240 282 293 296 308 336 338
35 83 271 299 376 429 433 433 447 450 474 496 511 518 527
91 122 174 200 201 239 255 281 313 317 317 318 342 353 366
205 231 314 368 391 397 405 424 441 462 469 478 504 512 525
273 421 489 527 528 605 609 618 626 655 676 718 730 732 745
38 47 53 65 77 174 198 235 279 292 295 299 310 312 330
193 198 204 224 235 251 261 300 305 311 314 326 335 374 383
286 340 366 396 402 402 403 427 438 451 479 487 501 505 506
114 177 190 267 287 298 324 349 368 374 377 389 393 398 420
354 436 437 439 514 526 527 535 542 585 639 641 683 690 697
128 362 397 406 444 445 513 522 534 535 543 550 553 593 602
42 117 124 216 249 253 263 286 293 295 300 327 331 336 341
218 235 253 271 275 295 298 311 338 349 353 356 370 375 377
88 296 300 398 424 452 466 475 487 533 533 538 542 562 568
136 260 271 284 290 310 356 370 379 383 388 394 425 432 433
80 233 257 297 304 311 323 327 348 357 399 403 404 415 421
326 348 366 418 582 592 594 631 640 668 682 712 715 733 740
63 238 241 312 324 336 362 374 376 403 404 422 425 428 428
68 322 385 390 394 414 438 451 456 488 506 521 538 541 552
121 189 242 247 257 266 275 279 284 295 372 409 417 425 426
179 207 308 326 341 367 376 382 415 426 450 454 458 507 521
1045 1100 1108 1114 1121 1130 1151 1159 1160 1164 1188 1207 1218 1246 1254
18 88 301 310 338 352 366 382 410 416 424 431 440 449 470
146 304 425 425 440 449 454 467 478 517 526 552 555 572 578
32 445 471 482 603 679 683 696 705 707 718 727 728 737 741
356 391 532 543 568 580 615 676 682 687 696 707 720 733 748
31 45 225 251 261 270 276 288 299 347 357 374 376 395 397
49 62 209 227 432 447 455 490 528 543 546 557 568 574 590
256 378 524 582 697 706 749 776 797 818 827 832 842 848 856
15 16 141 159 235 253 307 323 348 384 406 447 488 523 523
28 162 179 188 203 236 247 271 362 368 375 376 405 407 423
13 62 165 271 370 419 492 506 507 509 510 521 528 533 538
188 231 289 392 452 456 457 476 478 479 484 511 534 538 547
138 362 392 439 556 576 579 581 596 637 680 716 736 739 744
18 68 146 150 199 213 219 228 292 308 356 376 405 406 417
499 524 534 584 650 659 670 676 696 704 730 760 766 767 791
56 90 127 205 206 287 296 304 311 378 408 447 450 459 459
26 299 376 390 405 421 440 468 552 583 639 646 648 672 673
83 91 109 110 148 164 190 213 226 226 227 251 262 275 307
174 215 260 353 373 384 406 410 419 434 454 455 460 463 463
9 214 238 249 256 259 268 287 288 296 305 311 329 329 334
39 50 58 74 162 213 223 279 288 293 310 318 321 325 345
157 163 172 210 214 234 235 277 280 292 334 356 356 363 364
84 87 161 204 361 364 392 414 416 431 449 468 486 494 552
143 289 376 401 497 517 523 528 554 558 598 601 604 607 607
99 216 231 245 258 268 275 277 307 309 322 323 323 324 333
38 281 424 484 493 502 508 521 531 542 547 556 559 578 584
128 425 490 525 534 561 572 573 641 650 662 663 663 671 678
204 544 632 752 756 811 818 833 849 852 854 874 878 880 908
26 132 208 225 234 256 270 288 309 332 375 395 398 404 404
41 215 220 240 251 277 321 327 330 342 351 417 419 420 424
18 70 283 292 320 334 348 364 392 398 406 413 422 431 452
43 161 231 245 248 253 307 333 416 439 463 488 503 504 507
269 273 367 383 393 403 414 421 440 444 456 481 484 490 502
322 392 410 486 535 544 572 586 616 618 639 644 650 653 657
43 188 204 264 288 290 291 296 373 396 420 464 469 469 477
38 319 462 504 522 531 540 546 559 569 585 594 597 616 622
181 488 513 649 652 665 672 675 682 683 709 719 759 762 774
26 325 350 364 395 414 431 494 578 609 620 646 652 656 665
149 173 184 203 223 307 354 358 363 396 420 428 433 460 470
14 31 256 282 292 301 307 316 319 330 343 364 388 390 392
155 174 185 209 213 297 358 414 423 445 452 456 460 480 488
20 51 77 121 127 130 142 151 199 217 220 224 227 228 240
1 79 83 92 100 107 150 204 206 255 255 296 320 367 374
28 190 207 216 231 264 275 299 379 390 396 403 404 433 451
218 285 289 338 367 431 431 432 449 489 495 499 515 544 545
497 660 703 731 732 781 785 801 816 824 829 842 843 859 863
215 241 295 339 405 411 411 412 423 436 449 460 488 496 514
9 205 229 240 247 250 259 279 296 305 314 320 320 320 343
234 332 346 362 366 493 497 528 546 552 559 562 570 579 581
14 30 51 60 64 88 107 118 146 154 174 197 212 227 230
320 470 504 532 546 620 666 683 692 707 725 740 751 769 771
19 30 54 58 142 155 203 259 268 290 297 301 305 325 333
187 285 311 339 362 399 420 425 429 449 455 455 456 456 480
8 99 100 104 177 181 205 220 248 274 300 301 304 330 336
70 113 191 220 250 259 301 325 368 380 398 408 421 425 428
59 309 363 372 389 419 425 425 426 441 450 461 474 499 502
241 304 352 352 450 466 476 504 539 554 565 585 594 614 615
71 78 79 127 160 169 177 184 217 281 332 332 354 397 403
96 358 441 566 583 607 618 637 657 657 705 732 741 763 788
138 301 458 499 500 530 542 601 654 668 687 691 694 698 700
530 575 644 674 703 719 752 771 777 787 795 807 838 851 864
208 228 234 239 265 289 309 315 318 318 320 329 330 331 339
18 27 42 65 142 163 170 187 268 281 284 287 288 305 314
297 467 471 496 524 538 553 568 610 617 617 635 673 681 685
26 54 98 164 170 170 171 195 219 234 241 247 255 260 273
69 127 259 271 371 372 378 431 434 468 488 493 505 513 538
132 281 289 304 400 418 454 490 519 539 552 564 610 643 684
84 171 245 280 288 402 445 468 476 493 494 498 500 515 533
286 392 418 425 553 563 613 637 668 675 699 701 707 722 764
374 389 472 498 514 526 534 545 549 551 561 571 579 586 607
110 130 141 167 211 217 232 241 241 250 256 268 273 279 289
486 500 638 651 663 701 719 865 865 869 871 877 893 914 918
148 159 231 239 257 258 312 338 361 362 374 374 375 390 399
150 301 309 376 379 399 402 410 416 436 439 446 448 450 470
106 107 148 184 188 197 205 255 309 311 360 364 372 401 421
162 190 341 350 365 389 391 398 409 433 496 524 530 537 538
478 610 719 724 764 891 895 899 912 914 939 1010 1064 1076 1100
65 122 142 153 223 229 232 253 301 319 322 326 329 330 342
49 123 246 251 264 276 290 318 327 336 340 344 364 374 380
104 112 116 170 196 203 204 226 232 233 257 268 281 281 285
393 493 507 570 583 660 680 685 691 703 717 742 761 767 770
234 442 462 473 499 523 526 543 549 552 552 554 563 564 565
220 225 413 617 637 648 664 674 676 713 714 718 724 727 739
11 24 30 50 134 173 185 229 238 260 271 295 297 303 327
279 309 323 339 360 369 373 397 416 427 455 463 474 483 488
76 139 190 302 311 316 347 382 401 457 465 466 477 488 499
63 172 193 308 329 335 382 386 406 449 452 454 456 464 466
286 297 305 321 325 409 460 470 526 535 557 568 592 600 602
375 485 505 516 542 586 592 607 616 616 625 631 643 648 654
24 35 54 74 149 158 205 209 214 247 271 279 284 311 321
256 268 326 562 576 586 592 613 622 626 634 645 650 650 669
16 31 125 143 251 269 307 323 332 368 422 431 504 507 532
49 261 275 291 312 321 325 349 368 379 403 407 415 429 435
26 158 234 251 260 282 283 296 314 358 401 412 413 421 424
82 83 160 172 173 181 188 231 285 287 329 336 343 346 354
80 224 313 323 337 341 356 370 383 393 400 402 403 449 465
82 124 176 207 227 241 264 308 314 317 329 338 340 373 376
181 471 491 502 528 572 578 581 593 602 650 668 669 671 675
32 413 439 514 571 647 664 673 695 696 709 715 727 739 750
24 107 127 138 164 188 197 200 208 217 229 231 266 286 295
127 132 196 244 366 398 444 468 499 505 551 558 561 571 582
178 405 430 431 484 510 540 546 546 547 571 582 595 623 631
122 583 624 666 706 757 783 798 805 843 882 882 913 915 918
143 240 266 275 281 303 317 319 347 381 396 405 435 435 456
350 558 646 743 770 825 867 868 894 919 922 943 945 950 957
299 325 374 437 526 567 594 603 612 615 632 675 686 687 689
9 18 24 47 124 145 169 188 250 263 266 270 287 296 301
304 436 585 593 604 704 722 758 779 793 794 823 843 856 868
123 141 172 195 221 251 257 257 258 293 306 307 334 342 360
68 370 390 420 438 453 458 462 482 519 521 524 584 586 588
470 561 566 592 602 612 643 644 657 662 670 671 709 725 725
146 158 279 279 294 303 308 321 332 371 406 409 426 432 437
18 50 164 168 201 217 231 246 310 326 374 394 420 423 424
63 139 177 243 298 368 384 399 425 441 444 450 452 453 455
633 682 706 805 823 838 845 865 875 875 884 909 930 931 933
289 360 380 411 437 477 481 487 490 502 511 520 559 577 580
420 458 481 548 604 633 633 658 675 703 746 753 754 772 824
260 434 475 613 633 644 666 670 679 684 694 714 715 720 723
130 193 365 501 522 523 528 575 579 599 642 645 647 657 658
118 132 148 169 178 182 206 225 264 272 292 315 330 345 348
207 260 264 327 342 364 384 406 406 407 413 424 425 442 462
88 208 212 310 336 364 387 399 445 450 454 474 480 480 481
159 203 231 307 365 375 382 390 391 398 416 417 439 450 471
14 45 270 296 302 306 315 321 329 333 344 350 376 378 402
63 130 235 371 392 393 398 445 449 469 512 515 517 527 528
4 57 71 86 150 150 168 214 218 234 263 264 275 285 289
132 158 340 357 366 388 402 420 441 464 486 507 527 530 536
29 107 150 206 220 259 263 295 319 326 341 363 402 405 405
96 345 454 561 609 662 667 679 703 709 714 720 733 735 735
171 191 389 440 447 452 458 460 465 467 478 490 503 504 522
69 196 202 328 419 440 441 444 447 469 497 500 503 537 562
330 445 449 498 512 527 591 591 609 609 655 659 675 704 705
165 289 354 401 407 421 427 472 486 494 502 510 523 532 536
235 250 251 253 296 354 376 394 414 459 484 488 498 501 533
238 447 496 509 519 651 674 808 823 879 902 919 937 948 973
5 198 225 402 422 433 449 451 459 498 499 503 509 512 519
117 170 171 173 188 197 197 212 227 233 233 235 258 269 282
121 121 136 145 158 163 174 251 296 304 310 333 360 364 368
25 200 207 220 231 257 301 307 310 322 331 332 348 363 379
