97 98
9 1 3 1 1 4 7 2 8 8 7 7 1 3 6 3 8 2 7 2 1 5 4 2 3 9 7 6 5 3 7 4 7 1 7 8 5 4 1 3 2 8 2 3 1 8 8 1 0 5 5 3 0 9 5 3 1 2 1 6 8 1 2 7 2 9 5 9 3 6 4 7 6 6 2 9 4 0 2 4 5 8 8 8 9 5 3 0 0 5 8 0 6 2 7 0 1 
50 54
18 94
23 78
74 87
46 52
20 59
29 83
46 70
10 95
2 49
58 91
3 43
19 73
17 72
24 39
65 88
11 92
22 39
16 18
11 63
67 69
17 83
32 86
63 72
14 17
10 73
49 71
44 89
18 24
40 62
38 73
83 84
25 32
8 49
40 49
15 40
31 52
26 83
50 88
66 88
35 95
8 9
46 52
4 31
4 70
10 65
10 82
26 41
33 41
80 90
16 38
23 67
2 79
51 83
3 73
37 50
58 70
19 44
8 44
22 78
20 77
20 87
15 36
76 92
18 79
58 94
14 55
63 87
26 79
40 59
23 54
27 95
73 80
57 76
80 97
37 91
50 57
13 85
38 72
63 84
55 55
14 43
10 68
28 32
5 88
44 86
18 27
4 41
79 90
6 97
12 68
62 96
27 43
32 49
46 80
49 69
3 62
4 14
