5
50 50 100
1 29 307348
0 50 610594
0 43 938931
0 17 563169
1 32 953520
0 44 362364
0 39 763063
1 25 49669
1 35 346503
1 19 607378
0 50 858511
0 22 644035
0 24 562087
0 28 768462
1 30 36192
0 34 755345
1 14 497274
0 38 602042
1 29 443915
0 42 862913
0 5 620246
0 29 621513
1 20 499234
1 29 370021
1 27 564182
1 1 625239
1 22 744927
1 42 738485
1 41 23534
0 36 586797
0 20 125010
1 44 441264
0 11 919930
1 31 906889
0 12 471323
1 21 703423
0 39 202071
1 42 299677
1 41 833817
0 19 755359
0 40 182262
1 33 388951
1 45 245282
1 1 979648
1 5 538286
1 43 219361
1 50 821299
1 26 99688
1 25 495314
1 17 563304
1 15 533353
0 9 117853
0 46 943170
0 35 335906
1 22 964529
1 35 966019
1 45 607877
1 48 475211
0 42 724285
0 5 147074
0 33 859030
1 34 19377
1 3 592248
0 24 118571
0 32 878398
1 34 965489
0 28 794170
0 11 434908
1 14 458211
1 25 903424
1 44 157503
0 30 216802
0 49 890463
1 43 646382
1 16 672533
1 9 540638
0 6 125843
0 40 702695
1 31 97045
0 50 236586
1 40 23484
1 45 912699
0 35 174931
0 38 856317
0 11 295494
0 10 331745
0 31 368344
1 49 666764
1 9 771872
1 33 123383
0 44 515152
0 14 444339
0 2 950417
1 44 397644
1 19 902015
0 33 832917
0 30 227209
0 33 338785
1 18 89401
1 45 276864
50 50 100
0 50 785658
0 15 82221
1 28 841426
1 50 93972
1 17 999976
0 17 771039
1 7 524370
1 27 740005
1 20 45373
0 7 729385
0 14 663981
1 1 73182
1 48 31650
0 18 16635
1 35 275633
1 16 676519
0 25 581898
0 7 204749
1 39 919360
0 2 517898
0 33 695825
0 19 56289
0 23 862272
0 21 500306
1 36 665477
0 41 905031
1 8 506321
0 24 918325
0 16 423171
0 11 377506
0 2 201855
1 16 255475
1 12 414853
0 30 276203
1 12 148217
0 2 341567
1 6 891129
0 10 727732
0 30 495424
1 44 306013
1 43 664917
1 15 932847
0 9 858851
1 47 872588
0 23 623338
0 4 660847
0 15 523434
0 4 111781
1 34 152438
1 13 716463
1 8 74064
0 26 896643
0 45 719998
0 29 864785
0 11 531318
0 3 315302
0 46 696219
1 39 41833
0 2 883158
1 42 68371
1 2 809172
1 15 992507
0 31 903605
1 37 1789
0 9 687148
0 23 334530
0 9 793756
0 14 445161
0 50 956
1 2 293938
1 32 833160
1 13 490574
0 28 581507
1 28 476672
0 16 710431
1 33 174395
1 13 43773
0 15 638816
0 42 473830
1 21 964606
1 30 208178
0 30 881806
1 14 669872
0 33 158721
0 34 472400
1 47 965712
0 48 885849
1 38 423543
0 26 257851
1 8 456763
1 8 579636
1 6 324599
1 41 517411
0 41 940085
0 49 301825
0 13 428007
0 7 280214
1 22 746427
0 45 735267
1 16 42396
50 50 100
1 36 882263
0 33 971428
0 46 514000
0 17 773504
0 44 5487
0 28 821157
0 50 652618
0 3 221237
0 17 355139
1 7 64021
1 26 406669
0 43 19321
1 31 352550
1 15 444147
1 12 377481
1 26 353035
0 28 914415
0 11 437734
0 39 696210
0 12 29964
1 1 912653
0 50 156357
1 42 390677
1 7 591017
1 14 870617
0 19 815832
1 2 537934
0 39 829687
1 10 896621
1 16 295774
0 46 681015
1 10 235935
0 39 313524
1 39 538960
0 8 324035
1 42 990332
0 32 485377
1 49 582885
1 39 678219
0 20 181377
0 36 679075
1 32 298967
1 1 344392
0 7 333920
0 18 784889
0 7 20901
1 40 35906
1 3 188393
1 26 200835
0 44 157850
0 24 16456
1 14 956335
1 34 63672
0 37 726798
0 40 713120
1 41 288177
1 3 298398
1 20 730731
0 11 399361
1 42 261174
0 11 438423
0 27 907378
1 26 742015
1 14 963258
1 36 333689
1 3 808638
0 44 739398
0 14 833352
1 18 906912
1 47 266121
1 28 825290
1 42 429735
1 19 748743
0 42 444781
0 38 777982
1 31 394106
0 42 477012
0 44 137965
0 8 369987
1 31 825827
1 29 255795
1 9 245941
1 13 228579
0 37 104871
1 21 291942
1 5 705438
1 7 465662
1 25 996887
1 25 558426
1 37 209655
1 28 786628
1 7 848429
0 1 495869
1 4 823936
0 36 735971
0 25 579764
0 49 972239
0 41 148407
1 44 880195
0 34 486061
50 50 100
1 16 728502
0 1 911768
1 35 756656
0 49 852656
1 23 127893
0 4 775840
0 35 308439
1 19 379215
1 25 307743
1 49 915219
0 18 357173
0 31 215616
0 46 732008
1 16 401470
1 5 968267
0 50 421756
1 19 809021
0 32 127359
0 13 297238
1 1 205475
1 23 909301
1 10 403459
1 9 309565
0 46 794786
1 15 314503
0 17 23759
0 7 363724
1 24 257239
1 11 574045
0 32 939395
0 39 621921
0 28 818740
1 3 224745
0 22 37659
0 50 69476
0 16 556130
0 4 951862
1 36 403768
0 22 582268
0 4 42023
1 47 145474
1 34 935838
0 20 849855
0 34 236554
1 49 131914
0 22 252606
1 48 178665
0 16 597622
0 17 448614
0 49 433590
0 23 618064
0 34 789789
1 47 813079
1 28 675159
1 46 107479
0 28 35423
1 19 910301
1 50 631720
1 38 999009
1 16 885226
0 35 139213
0 12 368937
0 8 614088
0 5 693732
1 48 597346
1 24 677466
1 50 536014
0 9 778566
1 10 43602
1 43 126588
1 2 730196
1 25 385418
0 28 302948
0 5 236695
1 13 350089
1 47 572040
0 4 890433
0 35 97533
0 44 534244
1 39 306973
0 35 415433
1 34 589518
1 37 558357
0 6 517198
0 37 924071
1 17 812221
0 6 471159
1 39 365162
1 30 813926
1 49 135442
0 2 397834
0 31 17269
1 23 737157
0 26 727986
0 23 952225
1 46 661892
1 2 498184
0 44 254748
1 3 379415
1 33 703268
50 50 100
0 42 369809
0 16 898868
0 34 26439
0 32 806912
0 4 418479
1 39 371525
0 44 786619
0 23 338243
0 35 840181
1 43 852225
0 36 183140
0 41 999161
0 19 744013
1 27 201613
0 9 832651
1 44 509116
0 43 691342
0 41 599611
1 44 888071
1 33 920717
0 31 414540
0 24 722518
0 36 91824
0 36 746497
1 48 770158
0 12 761637
0 2 428371
0 10 908254
1 3 90053
1 8 228521
0 45 424038
1 14 280261
0 21 126939
0 1 488169
1 14 558269
0 22 936018
1 20 134985
1 48 789937
0 20 360190
0 40 804929
1 20 333453
1 32 430677
1 24 780946
1 28 20051
0 38 35100
0 32 95611
0 22 160988
0 1 70448
0 12 511476
0 14 200985
0 4 934895
0 11 407503
0 24 936629
1 48 576060
0 29 401210
0 14 804116
0 16 143792
0 30 347979
1 15 674630
1 20 130617
1 37 243711
0 26 571595
1 5 472611
0 27 94383
0 15 699927
1 2 522531
1 24 730143
0 3 47046
0 31 531547
1 35 59234
1 33 27385
0 19 942539
0 37 443635
1 30 214143
1 41 640533
0 43 495089
0 45 693340
1 19 243617
0 18 100784
0 1 230835
0 42 617473
1 26 489632
0 12 711445
1 44 2360
0 33 777162
0 39 49803
0 48 514000
1 30 592311
0 29 116275
1 11 550635
1 14 514339
1 44 761308
1 26 416287
0 28 710151
1 2 899383
1 36 60012
0 15 75310
1 12 994537
1 42 970517
1 24 458597
