193
0
0
0
0
0
1
678
0
0
0
0
1081
716
1403
1311
0
611
1
0
1
924
0
234
0
659
0
0
0
1021
0
615
615
0
0
0
0
865
0
0
441
0
63
0
0
0
75
3
547
1
0
0
0
2
947
75
0
236
0
0
11
0
0
0
2
0
1422
1099
0
0
778
0
0
0
0
0
1
0
0
1
1
65
0
931
359
780
839
1
342
0
0
0
0
0
295
835
0
0
879
0
0
0
2
1034
1
1211
3
0
673
0
0
1369
1420
0
0
0
2
0
0
0
0
206
0
2
4
1
5
1
1
7
1532
0
1
1209
3
0
0
25
3
0
1448
4
0
0
0
527
1040
0
1
680
0
721
9
2
0
2
0
0
0
772
1
2
0
129
2
3
1
449
0
683
0
428
0
149
0
3
1
1
1
2
1
1
1171
840
7
2
0
987
1
2
1122
2
3
1
1
0
1
913
1
2
1
1
0
1
2
2
299
1
0
3
777
0
1
18
1
197
1024
522
0
0
6
6
692
4
0
2
1
4
0
0
0
3
0
13
0
59
9
1
1
2
3
0
4
0
0
0
0
9
0
0
0
3
0
1
0
31
0
2
2
0
0
0
181
35
1
2
1096
186
0
1
0
34
1
1
9
2
782
1
1
242
521
1
0
0
469
0
300
353
0
14
0
886
0
1
0
1
4
4
1
1112
2
2
0
614
1
1123
0
592
8
1
5
505
0
825
0
8
1
3
0
1
0
0
0
155
0
4
0
3
0
810
0
6
5
0
989
1
0
1163
531
0
9
1
0
510
925
1
522
857
1
1
513
0
1
0
0
0
83
1
1
1
0
1141
3
5
1
0
1
0
0
0
0
1
994
0
1
0
1
105
987
0
0
0
1
2
3
1
420
118
0
0
0
8
1
2
0
0
875
1
384
771
0
1
269
1
0
279
1
75
2
890
881
14
2
970
518
10
0
1
0
1
1
437
0
2
1135
1135
0
0
59
1027
0
10
1
1
3
6
388
0
1
0
1
2
446
0
1
0
101
479
593
1
20
179
1
0
446
0
1153
394
186
0
1
0
78
1
1
2
1
0
0
0
6
0
0
0
1122
2
0
1
702
934
3
1
5
0
0
0
0
0
0
0
33
0
487
130
0
0
130
0
0
3
770
1
1
62
0
0
0
1
0
0
0
1
1
94
263
1
11
1
2
3
1
2
0
3
0
0
0
2
0
0
388
0
2
12
1
0
1021
534
11
2
0
1
0
0
0
0
221
15
0
300
0
0
816
367
0
1
1
549
0
451
1
5
3
0
37
0
2
1
1220
649
0
1
2
0
0
3
1
772
1
933
1
1
1092
0
1138
4
1
3
1
0
1167
0
2
1
1
1153
1
680
198
0
0
1
0
502
0
8
628
1
1023
6
1
0
6
1
1
3
3
1119
1
158
0
213
2
8
1
0
1
0
3
16
6
697
1
1
0
0
896
0
1
1070
2
2
2
0
1
1
0
186
0
6
2
1
992
909
592
1176
1
0
0
2
5
1
2
2
0
1
0
9
173
8
827
1
0
0
1
1
17
785
993
0
1043
603
137
750
1
0
0
510
1
0
0
49
0
1
0
2
0
1
0
1
730
1
1
2
0
2
601
2
1059
51
2
555
1088
1
1
0
0
0
0
2
0
0
1
1
15
1
1
4
0
0
0
1
754
33
0
0
2
1
1
7
1
2
2
0
0
12
1
355
219
70
1
0
1140
1266
345
1
2
1
813
1
5
2
511
0
19
402
1
649
1
4
0
0
1096
0
605
158
1
18
1
0
520
0
0
650
22
0
0
528
0
0
36
6
2
0
1
1
0
0
1
2
2
1
0
350
1
8
1
0
1
1
1
1
2
977
0
1
1
402
52
5
6
301
718
0
0
22
0
2
1
0
1
0
0
553
0
329
2
1
0
713
184
1272
4
1286
1286
11
1
1191
1151
0
0
1
1
57
25
303
0
7
909
1
2
1074
0
2
4698
3
1
0
1
0
1
1
1
3
0
935
128
2
2
0
1
1
169
0
4
2
1
0
3
11
177
2
5
41
0
0
0
2
1
646
0
453
1
2
1
0
812
0
475
1
0
1
0
0
1018
1
0
871
0
0
2
1
505
0
0
1136
4
0
0
1
1
0
1
0
2
1
412
1
0
2
0
1
1
0
1110
1
0
0
394
6
1
987
228
2
362
193
0
1
802
21
429
2
1
1
0
0
5
255
66
223
1
648
1
1
12
0
1165
689
3
1
0
1
0
0
0
0
2
454
2
0
0
1
2
0
0
4
0
0
2
0
5
0
0
0
1
0
1
3
10
295
0
0
0
0
806
1073
1
1011
1
1
1026
2
6
172
0
10
3
0
4
4
1
1
0
0
0
2
1
1
59
34
2
726
0
1
374
5
0
4
0
0
3
1
362
1
1138
0
1
1
653
405
1
12
661
1
377
26
1
1
6
1153
2
1
0
10
21
0
693
0
1
950
566
3
1111
1
1
891
3
2
0
463
264
0
3
0
1
611
0
0
1
3
0
286
584
14
2
2
0
800
1
0
635
1082
1
1
1
1
1
1
4
1
1
801
6
5
3
0
1
0
2
0
1
5
0
1
0
1327
0
1
0
0
2
178
114
0
0
0
1
0
1
8
3
0
2
0
41
1
0
975
554
1
1
0
1
0
0
10
889
0
1
1
57
0
11
0
0
423
1
0
422
528
1
2
2
1054
0
1
1
0
2
4
67
2
0
732
0
1
0
985
5
224
0
163
3
1
0
36
0
0
1
0
1105
5
215
1062
1113
0
1
1
0
1
2
1
0
1
0
0
940
2
1
25
0
2
1129
1
0
136
0
91
63
0
0
0
621
742
2
2
3
1
3
3
0
1043
1
463
3
1
7
670
1
0
0
11
1
25
0
0
768
35
0
1
1
2
1
0
1
1
0
155
1
0
11
0
0
1
1
1004
501
3
3
1
73
3
4
766
1037
1141
691
925
78
2
1
1
952
0
0
1
1
0
4
901
2
957
0
12
11
2
2
1
2
0
0
1
387
168
0
0
1
0
99
0
1
0
1
1
0
0
0
0
4
0
942
1
17
1
751
1
3
0
0
1
0
2
1
0
2
0
1
1
0
4
850
1
1
1
859
0
19
112
0
2
392
0
1
1
312
0
1
1
760
801
445
2
1
664
1214
0
90
1
1
0
1
2
5
3
618
0
1
1
2
0
0
1
0
2
0
53
1
2
8
1
0
1
1
183
3
1
1
1
0
653
0
572
96
979
317
2
2
10
0
2
1
2
1
6
2
2
0
812
3
4
920
0
1041
2
1
958
1
1
2
0
0
1
37
470
0
1
0
1027
1
1
136
2
1087
524
202
0
1175
1
814
0
0
9
1
1
8
4
2
0
446
1
2
0
792
18
1
0
1
0
1
962
371
1
0
2
7
249
4
33
0
0
1
0
0
0
13
1
5
1128
751
3
0
1
0
258
0
1
1
197
0
1
4
3
461
2
1
7
18
0
1
2
2
833
2
0
515
423
0
1114
0
0
0
0
1
699
627
18
1
0
1
23
0
2
1
4
1
25
0
0
2
0
0
1335
2
0
1
736
2
134
0
14
95
1
3
391
0
0
677
9
265
2
65
4
2
1
1
5
0
164
1
3
1032
559
0
2
0
11
1
2
966
3
706
1
1
759
4
3
0
3
0
55
1
0
690
2
0
1
42
0
568
185
382
0
0
1
2
448
178
0
1
1229
1
654
2
0
2
1
1
1141
0
1
2
0
0
0
13
1
1
50
405
1
367
1089
1
962
9
325
1
432
4
0
781
1
398
0
5019
1
0
3
0
409
2
1
3
884
1
1
0
736
6
1
1017
3
1
1
1
1
1
3
5
726
3
1025
1012
419
1
0
1209
0
0
1
0
0
25
0
1
2
1148
1
0
0
0
1
115
1
1265
2
1
180
305
950
1
919
5
2
61
0
0
0
1
2
0
81
1
973
0
0
0
1044
1
1
0
1
6
1
1144
173
0
1
1
5
1035
2
2
0
0
1
0
0
4
2
6
1
2
221
10
41
748
1
0
2
2
0
615
714
1
8
1
0
1
3
10
3
769
1
1177
2
2
2
1179
2
1
0
1
86
0
1
271
0
966
1174
1
0
123
2
92
545
391
1
1
2
1
0
0
1
0
285
3
0
4
1
0
3
2
1
1
133
2
1226
1
1
1
0
0
1
1
2
0
4
0
1
1
2
0
1
840
108
1
7
1
1
1074
0
7
5
501
480
0
3
2
2
2
2
0
1
0
4
2
0
7
0
2
1
0
1
0
6
1
1
202
1
1
1
0
1
92
2
2
1
3
1
987
3
1076
1248
0
0
0
1
1
2
107
531
1
852
390
42
0
2
0
0
10
0
834
0
0
3
2
1
4
1
0
1
872
298
1041
3
0
2
2
176
1
825
2
12
1
2
1
0
796
514
2
1201
1
0
1
1
299
4
1193
4
994
2
1
2
27
1
0
929
1042
1
21
1
3
1
0
1
600
1
0
0
11
1
2
90
371
1
655
1
2
1
1
1
449
12
2
1
0
1
30
0
0
1
882
3
0
0
27
0
1
665
25
1
0
1
533
19
0
0
1
985
1
1
1
1
1
561
2
49
0
