1 1 
2 4 
3 9 
4 16
5 25
6 36
7 49
8 64
9 81

10 1
11 2
12 5
13 10
14 17
15 26
16 37
17 50
18 65
19 82

20 4
21 5
22 8
23 13
24 20
25 29
26 40
27 53
28 68
29 85

30 9
31 10
32 13
33 18
34 25
35 34
36 45
37 58
38 73
39 90

40 16
41 17
42 20
43 25
44 32
45 41
46 52
47 65
48 80
49 97

50 25
51 26
52 29
53 34
54 41
55 50
56 61
57 74
58 89
59 106

60 36
61 37
62 40
63 45
64 52
65 61
66 72
67 85
68 100
69 117

70 49
71 50
72 53
73 58
74 65
75 74
76 85
77 98
78 113
79 130

80 64
81 65
82 68
83 73
84 80
85 89
86 100
87 113
88 128
89 145

90 81
91 82
92 85
93 90
94 97
95 106
96 117
97 130
98 145
99 162

===
100 1
101 2
102 5
103 10
104 17
105 26
106 37
107 50
108 65
109 82

110 2
111 3
112 6
113 11
114 18
115 27
116 38
117 51
118 66
119 83

120 5
121 6
122 9
123 14
124 21
125 30
126 41
127 54
128 69
129 86

130 10
131 11
132 14
133 19
134 26
135 35
136 46
137 59
138 74
139 91

140 17
141 18
142 21
143 26
144 33
145 42
146 53
147 66
148 81
149 98

150 26
151 27
152 30
153 35
154 42
155 51
156 62
157 75
158 90
159 107

160 37
161 38
162 41
163 46
164 53
165 62
166 73
167 86
168 101
169 118

170 50
171 51
172 54
173 59
174 66
175 75
176 86
177 99
178 114
179 131

180 65
181 66
182 69
183 74
184 81
185 90
186 101
187 114
188 129
189 146

190 82
191 83
192 86
193 91
194 98
195 107
196 118
197 131
198 146
199 163

===
200 4
201 5
202 8
203 13
204 20
205 29
206 40
207 53
208 68
209 85

210 5
211 6
212 9
213 14
214 21
215 30
216 41
217 54
218 69
219 86

220 8
221 9
222 12
223 17
224 24
225 33
226 44
227 57
228 72
229 89

230 13
231 14
232 17
233 22
234 29
235 38
236 49
237 62
238 77
239 94

240 20
241 21
242 24
243 29
244 36
245 45
246 56
247 69
248 84
249 101

250 29
251 30
252 33
253 38
254 45
255 54
256 65
257 78
258 93
259 110

260 40
261 41
262 44
263 49
264 56
265 65
266 76
267 89
268 104
269 121

270 53
271 54
272 57
273 62
274 69
275 78
276 89
277 102
278 117
279 134

280 68
281 69
282 72
283 77
284 84
285 93
286 104
287 117
288 132
289 149

290 85
291 86
292 89
293 94
294 101
295 110
296 121
297 134
298 149
299 166

===
300 9
301 10
302 13
303 18
304 25
305 34
306 45
307 58
308 73
309 90

310 10
311 11
312 14
313 19
314 26
315 35
316 46
317 59
318 74
319 91

320 13
321 14
322 17
323 22
324 29
325 38
326 49
327 62
328 77
329 94

330 18
331 19
332 22
333 27
334 34
335 43
336 54
337 67
338 82
339 99

340 25
341 26
342 29
343 34
344 41
345 50
346 61
347 74
348 89
349 106

350 34
351 35
352 38
353 43
354 50
355 59
356 70
357 83
358 98
359 115

360 45
361 46
362 49
363 54
364 61
365 70
366 81
367 94
368 109
369 126

370 58
371 59
372 62
373 67
374 74
375 83
376 94
377 107
378 122
379 139

380 73
381 74
382 77
383 82
384 89
385 98
386 109
387 122
388 137
389 154

390 90
391 91
392 94
393 99
394 106
395 115
396 126
397 139
398 154
399 171































800 64
801 65
802 68
803 73
804 80
805 89
806 100
807 113
808 128
809 145

810 65
811 66
812 69
813 74
814 81
815 90
816 101
817 114
818 129
819 146

820 68
821 69
822 72
823 77
824 84
825 93
826 104
827 117
828 132
829 149

830 73
831 74
832 77
833 82
834 89
835 98
836 109
837 122
838 137
839 154

840 80
841 81
842 84
843 89
844 96
845 105
846 116
847 129
848 144
849 161

850 89
851 90
852 93
853 98
854 105
855 114
856 125
857 138
858 153
859 170

860 100
861 101
862 104
863 109
864 116
865 125
866 136
867 149
868 164
869 181

870 113
871 114
872 117
873 122
874 129
875 138
876 149
877 162
878 177
879 194

880 128
881 129
882 132
883 137
884 144
885 153
886 164
887 177
888 192
889 209

890 145
891 146
892 149
893 154
894 161
895 170
896 181
897 194
898 209
899 226

===
900 81
901 82
902 85
903 90
904 97
905 106
906 117
907 130
908 145
909 162

910 82
911 83
912 86
913 91
914 98
915 107
916 118
917 131
918 146
919 163

920 85
921 86
922 89
923 94
924 101
925 110
926 121
927 134
928 149
929 166

930 90
931 91
932 94
933 99
934 106
935 115
936 126
937 139
938 154
939 171

940 97
941 98
942 101
943 106
944 113
945 122
946 133
947 146
948 161
949 178

950 106
951 107
952 110
953 115
954 122
955 131
956 142
957 155
958 170
959 187

960 117
961 118
962 121
963 126
964 133
965 142
966 153
967 166
968 181
969 198

970 130
971 131
972 134
973 139
974 146
975 155
976 166
977 179
978 194
979 211

980 145
981 146
982 149
983 154
984 161
985 170
986 181
987 194
988 209
989 226

990 162
991 163
992 166
993 171
994 178
995 187
996 198
997 211
998 226
999 243

===
1000 1
1001 2
1002 5
1003 10
1004 17
1005 26
1006 37
1007 50
1008 65
1009 82

1010 2
1011 3
1012 6
1013 11
1014 18
1015 27
1016 38
1017 51
1018 66
1019 83

1020 5
1021 6
1022 9
1023 14
1024 21
1025 30
1026 41
1027 54
1028 69
1029 86

1030 10
1031 11
1032 14
1033 19
1034 26
1035 35
1036 46
1037 59
1038 74
1039 91

1040 17
1041 18
1042 21
1043 26
1044 33
1045 42
1046 53
1047 66
1048 81
1049 98

1050 26
1051 27
1052 30
1053 35
1054 42
1055 51
1056 62
1057 75
1058 90
1059 107

1060 37
1061 38
1062 41
1063 46
1064 53
1065 62
1066 73
1067 86
1068 101
1069 118

1070 50
1071 51
1072 54
1073 59
1074 66
1075 75
1076 86
1077 99
1078 114
1079 131

1080 65
1081 66
1082 69
1083 74
1084 81
1085 90
1086 101
1087 114
1088 129
1089 146

1090 82
1091 83
1092 86
1093 91
1094 98
1095 107
1096 118
1097 131
1098 146
1099 163

===
1100 2
1101 3
1102 6
1103 11
1104 18
1105 27
1106 38
1107 51
1108 66
1109 83

1110 3
1111 4
1112 7
1113 12
1114 19
1115 28
1116 39
1117 52
1118 67
1119 84

1120 6
1121 7
1122 10
1123 15
1124 22
1125 31
1126 42
1127 55
1128 70
1129 87

1130 11
1131 12
1132 15
1133 20
1134 27
1135 36
1136 47
1137 60
1138 75
1139 92

1140 18
1141 19
1142 22
1143 27
1144 34
1145 43
1146 54
1147 67
1148 82
1149 99

1150 27
1151 28
1152 31
1153 36
1154 43
1155 52
1156 63
1157 76
1158 91
1159 108

1160 38
1161 39
1162 42
1163 47
1164 54
1165 63
1166 74
1167 87
1168 102
1169 119

1170 51
1171 52
1172 55
1173 60
1174 67
1175 76
1176 87
1177 100
1178 115
1179 132

1180 66
1181 67
1182 70
1183 75
1184 82
1185 91
1186 102
1187 115
1188 130
1189 147

1190 83
1191 84
1192 87
1193 92
1194 99
1195 108
1196 119
1197 132
1198 147
1199 164

===
1200 5
1201 6
1202 9
1203 14
1204 21
1205 30
1206 41
1207 54
1208 69
1209 86

1210 6
1211 7
1212 10
1213 15
1214 22
1215 31
1216 42
1217 55
1218 70
1219 87

1220 9
1221 10
1222 13
1223 18
1224 25
1225 34
1226 45
1227 58
1228 73
1229 90

1230 14
1231 15
1232 18
1233 23
1234 30
1235 39
1236 50
1237 63
1238 78
1239 95

1240 21
1241 22
1242 25
1243 30
1244 37
1245 46
1246 57
1247 70
1248 85
1249 102

1250 30
1251 31
1252 34
1253 39
1254 46
1255 55
1256 66
1257 79
1258 94
1259 111

1260 41
1261 42
1262 45
1263 50
1264 57
1265 66
1266 77
1267 90
1268 105
1269 122

1270 54
1271 55
1272 58
1273 63
1274 70
1275 79
1276 90
1277 103
1278 118
1279 135

1280 69
1281 70
1282 73
1283 78
1284 85
1285 94
1286 105
1287 118
1288 133
1289 150

1290 86
1291 87
1292 90
1293 95
1294 102
1295 111
1296 122
1297 135
1298 150
1299 167

===
1300 10
1301 11
1302 14
1303 19
1304 26
1305 35
1306 46
1307 59
1308 74
1309 91

1310 11
1311 12
1312 15
1313 20
1314 27
1315 36
1316 47
1317 60
1318 75
1319 92

1320 14
1321 15
1322 18
1323 23
1324 30
1325 39
1326 50
1327 63
1328 78
1329 95

1330 19
1331 20
1332 23
1333 28
1334 35
1335 44
1336 55
1337 68
1338 83
1339 100

1340 26
1341 27
1342 30
1343 35
1344 42
1345 51
1346 62
1347 75
1348 90
1349 107

1350 35
1351 36
1352 39
1353 44
1354 51
1355 60
1356 71
1357 84
1358 99
1359 116

1360 46
1361 47
1362 50
1363 55
1364 62
1365 71
1366 82
1367 95
1368 110
1369 127

1370 59
1371 60
1372 63
1373 68
1374 75
1375 84
1376 95
1377 108
1378 123
1379 140

1380 74
1381 75
1382 78
1383 83
1384 90
1385 99
1386 110
1387 123
1388 138
1389 155

1390 91
1391 92
1392 95
1393 100
1394 107
1395 116
1396 127
1397 140
1398 155
1399 172

===
1400 17